100
31 192
19 21
8 30
9 17
2 5
15 2
13 30
10 3
25 4
14 17
25 12
17 19
25 18
13 16
2 27
30 23
1 11
15 26
25 23
16 30
23 14
13 24
7 31
16 26
11 30
2 22
29 15
10 21
21 7
25 2
7 17
7 20
13 20
12 7
22 15
6 5
5 1
15 8
11 26
26 24
4 17
25 29
15 30
27 1
19 3
26 12
2 25
27 18
29 17
9 20
11 21
3 23
1 31
15 30
9 13
18 25
10 7
5 9
6 30
29 10
23 8
27 17
6 5
31 14
10 23
11 14
3 8
19 8
26 20
2 14
9 4
16 2
27 15
21 12
22 23
22 6
3 21
29 11
6 17
3 11
21 22
2 11
8 12
26 12
28 11
18 22
12 14
3 15
1 2
31 13
26 9
2 13
6 2
27 19
15 21
12 24
2 11
30 16
4 29
25 27
21 2
5 9
19 10
20 17
9 23
13 21
23 13
31 27
1 22
16 13
27 2
31 25
4 28
30 13
23 21
15 22
1 22
26 4
24 9
31 7
9 14
16 21
27 12
1 10
22 31
15 12
30 31
27 14
28 9
19 30
25 27
15 5
2 31
31 29
27 4
5 15
14 26
1 27
25 16
1 11
10 21
15 12
29 11
12 17
14 5
16 22
3 10
9 10
6 21
3 19
23 7
27 13
28 9
19 25
27 21
3 16
30 23
8 27
14 31
10 29
13 31
14 6
6 7
3 13
16 28
16 2
18 9
20 22
4 6
28 31
1 7
12 10
10 17
20 16
2 24
14 9
17 30
19 3
7 11
21 27
14 28
21 5
26 14
9 18
19 23
17 7
31 22
25 6
19 20
1 8
15 17
15 5
21 1

80 40
29 31
72 25
64 1
53 27
39 26
67 11
23 24
58 54
75 56
77 72
65 29
73 60
60 18
62 6
20 1
68 66
69 13
6 17
45 37
16 12
39 25
80 9
49 67
43 14
12 22
45 57
42 12
42 43
55 49
56 22
50 2
71 33
80 4
71 79
58 65
34 25
5 50
22 33
41 6
72 50

89 185
62 85
68 56
4 43
23 85
16 15
82 79
41 82
28 47
59 72
52 79
74 27
52 35
3 46
67 80
12 26
65 3
14 62
31 39
64 76
33 24
7 64
52 28
85 59
78 88
45 39
57 40
75 11
71 76
36 19
54 67
25 58
56 15
73 26
82 6
68 57
21 8
75 55
71 54
27 45
5 7
54 40
23 83
4 8
41 86
31 60
6 31
86 64
66 63
89 35
26 73
52 67
42 87
78 33
34 60
73 56
64 63
31 30
39 33
45 66
74 26
69 3
49 62
27 44
39 33
28 23
86 54
57 86
81 28
81 52
24 20
30 26
84 85
67 7
22 55
82 49
10 14
39 50
50 51
33 52
33 29
19 65
75 56
5 53
68 34
35 32
54 30
67 75
6 83
55 1
2 32
45 66
21 26
67 22
83 10
82 32
57 8
59 77
4 30
70 19
4 64
80 57
22 30
22 46
4 80
18 34
57 62
80 74
39 48
83 58
17 53
67 68
8 45
38 28
10 33
43 58
62 89
47 78
18 64
62 24
86 78
86 77
86 33
36 30
41 64
41 15
32 13
72 40
38 63
47 40
22 4
18 73
8 81
40 19
69 79
39 16
27 51
34 75
87 28
81 56
31 75
51 57
68 23
32 75
10 75
67 14
72 87
1 76
24 48
86 15
25 67
59 33
36 85
72 87
84 56
59 57
84 6
28 84
10 59
55 61
82 24
66 5
25 51
84 67
37 50
10 12
23 89
71 19
36 4
11 28
20 55
32 27
1 48
74 22
47 74
10 64
58 54
80 58
33 56
64 45
49 77
79 14
46 84
82 89
74 31
15 52

97 95
53 39
93 16
7 46
60 55
65 36
20 82
80 64
77 36
74 51
42 45
25 70
27 71
31 8
24 62
21 12
13 53
32 26
8 85
26 78
46 41
21 64
81 43
67 19
43 33
32 40
79 83
78 88
79 3
9 55
35 54
39 81
54 76
93 62
46 84
95 8
24 58
7 48
93 71
73 47
15 68
88 32
91 8
88 95
36 89
4 73
52 73
60 90
20 44
88 75
73 91
4 15
18 97
64 82
54 61
80 6
36 93
60 8
94 88
97 7
35 59
43 95
71 96
72 20
68 97
9 52
67 4
51 53
10 44
77 80
52 90
43 80
46 71
27 16
12 3
80 28
26 3
81 43
92 55
91 9
79 48
49 91
75 67
91 2
67 69
6 65
49 95
5 41
15 63
36 84
94 96
77 36
89 67
70 80
48 15
41 95

37 35
20 10
34 19
6 10
32 12
23 4
4 10
24 20
30 2
8 26
10 34
34 20
24 21
27 37
35 8
36 1
18 22
34 11
3 5
1 32
21 4
28 10
29 31
37 27
13 17
30 20
29 24
34 17
21 4
34 10
15 36
12 16
17 11
23 12
21 30
9 13

39 107
5 22
15 26
39 12
28 13
23 27
21 12
25 27
12 23
21 38
24 23
1 14
4 1
5 19
12 37
3 25
39 15
33 6
20 7
30 22
8 6
21 9
21 13
7 30
5 14
22 31
13 27
30 17
14 15
37 26
10 22
4 29
21 29
6 26
19 8
25 32
16 34
39 14
6 12
38 27
24 17
27 24
30 14
37 6
22 37
36 20
39 20
34 37
19 3
14 5
17 8
19 36
26 7
39 11
21 35
27 18
19 20
12 11
37 21
10 18
13 7
36 31
15 25
8 31
34 9
30 8
22 12
34 11
14 25
21 8
37 29
31 35
6 16
4 11
11 3
7 10
31 37
15 29
33 31
31 21
12 20
1 38
15 38
1 29
16 6
2 30
37 34
4 21
5 39
5 13
35 28
6 4
27 35
14 23
29 9
37 6
20 25
35 21
29 6
16 21
19 11
29 2
39 7
27 9
2 15
16 8
21 15
5 8

43 67
6 36
21 2
23 37
20 4
16 21
30 7
15 28
3 43
22 43
36 35
23 26
12 41
33 24
18 36
16 23
40 29
4 32
28 8
22 13
8 35
17 14
33 43
10 34
34 15
1 29
30 41
10 9
23 4
41 29
33 7
19 43
5 41
9 3
32 42
21 13
34 10
30 1
28 34
39 43
34 2
42 32
35 11
23 25
2 28
14 31
28 20
30 26
24 6
1 18
13 23
10 21
5 37
1 5
30 25
5 23
41 24
38 11
11 3
29 40
17 42
21 32
17 15
41 33
30 17
9 1
3 5
14 36

97 106
31 90
34 76
4 48
36 64
42 92
57 53
83 58
70 37
66 41
17 83
77 55
39 25
62 76
26 60
34 5
26 94
43 55
19 55
46 30
4 45
51 18
79 54
18 30
84 80
22 94
85 53
30 1
82 27
40 66
31 87
33 8
50 39
74 41
2 46
11 36
58 35
8 93
26 16
35 91
68 61
49 19
36 48
52 60
70 43
52 34
40 22
9 72
46 34
92 68
88 56
49 11
96 16
49 33
1 18
65 97
41 64
55 22
13 4
22 78
24 67
22 20
27 55
87 41
68 41
35 15
96 5
50 84
95 72
72 2
31 19
66 10
92 81
56 38
82 14
28 46
91 57
84 40
30 51
5 56
30 49
17 78
25 62
62 13
21 29
36 43
74 10
48 33
60 37
41 23
13 90
66 96
26 30
52 57
15 84
64 53
58 10
42 90
18 90
72 66
36 91
23 59
90 69
86 66
67 90
23 15
60 37

87 87
9 27
6 33
86 44
15 55
83 50
22 38
84 36
52 55
19 10
77 60
22 59
86 80
69 16
62 60
37 24
28 15
72 13
6 25
83 42
2 18
79 15
47 72
3 82
12 4
63 64
37 76
51 70
48 15
84 59
53 18
55 9
9 47
43 2
52 44
23 40
12 6
50 10
75 71
68 3
12 27
73 35
37 34
52 64
81 5
25 7
83 40
13 56
15 76
12 55
83 11
46 38
21 5
60 69
6 29
52 35
21 36
27 34
71 65
43 73
60 39
35 62
10 34
41 61
54 81
27 74
46 38
27 11
75 53
7 83
55 17
43 54
58 1
39 53
76 30
39 1
23 11
77 71
15 71
74 87
68 62
76 56
31 59
50 21
32 59
72 21
20 18
55 8

41 117
21 24
7 25
30 27
4 5
22 30
24 7
41 32
11 41
24 30
12 7
41 29
33 18
26 11
7 18
20 7
23 39
6 36
36 15
19 36
1 19
34 38
37 4
1 27
15 29
29 36
41 31
40 9
5 16
20 27
37 13
7 38
33 17
32 8
25 19
14 36
37 16
21 9
37 38
9 5
16 26
11 4
7 19
21 28
38 20
33 26
21 16
11 21
41 12
6 12
25 1
18 35
19 23
21 22
41 29
32 17
19 35
13 39
32 19
8 12
31 11
9 16
8 41
28 22
24 13
28 12
17 9
8 20
10 35
21 1
23 19
26 25
11 31
18 31
7 5
6 41
37 39
29 28
13 29
35 15
29 16
27 4
40 19
31 6
19 21
40 14
39 14
4 19
21 6
22 32
32 9
16 27
9 30
38 14
39 19
33 39
6 19
3 4
17 32
10 40
35 20
31 11
1 38
39 3
33 9
27 21
40 20
5 28
34 9
37 5
19 11
28 2
37 27
35 2
9 6
11 6
7 35
4 29

14 59
12 10
13 2
7 11
13 2
2 3
3 14
12 14
7 9
4 6
2 14
14 4
1 14
9 12
2 12
7 5
9 7
12 4
13 1
5 14
8 13
12 4
10 2
10 11
9 3
10 6
13 3
10 6
10 7
10 6
1 12
13 8
4 2
14 11
9 5
4 2
11 12
3 6
7 6
7 1
13 8
1 5
2 5
9 6
10 8
12 1
5 10
9 12
3 6
5 6
6 9
12 7
4 5
7 2
4 7
6 14
10 2
11 1
14 11
3 4

10 27
2 10
7 8
8 6
1 10
1 2
3 4
1 8
7 4
10 7
10 6
7 5
8 1
6 3
3 10
8 1
1 8
3 2
3 2
3 2
2 6
5 6
4 5
1 2
5 10
2 3
6 8
7 3

51 64
29 1
5 16
39 25
48 8
25 48
3 47
47 17
12 40
44 2
22 51
7 8
23 48
2 20
42 34
29 22
9 30
49 6
7 19
24 33
10 14
15 5
41 18
43 46
50 23
30 8
47 50
16 32
35 44
14 25
1 3
14 32
50 46
18 20
45 31
47 46
37 3
34 43
46 50
10 7
8 1
13 47
5 48
31 36
19 33
36 47
43 40
14 25
50 26
42 28
29 11
14 10
33 16
39 40
36 14
9 51
43 35
19 22
28 36
45 18
14 5
13 24
37 32
16 44
15 5

41 54
25 26
10 2
14 38
10 40
22 18
21 4
34 41
2 35
9 26
15 12
20 7
12 21
14 30
14 37
29 8
36 13
4 9
12 31
8 35
21 38
11 23
20 30
29 39
16 24
16 30
38 36
2 12
7 9
10 32
6 24
6 37
23 8
27 24
35 13
17 3
38 41
20 8
15 36
34 24
33 17
37 14
11 28
40 28
34 14
34 26
8 7
17 36
17 28
13 25
32 13
17 10
40 18
36 23
31 1

50 55
29 2
25 29
13 44
17 14
8 26
21 43
28 14
25 29
46 21
41 38
4 9
14 16
42 38
21 36
5 47
40 38
30 48
1 18
3 16
33 19
28 50
5 33
21 3
40 5
9 4
40 24
6 27
23 15
40 6
24 27
1 29
28 45
30 4
39 14
28 43
29 50
19 34
3 18
7 41
36 11
10 49
49 30
16 47
8 44
43 31
42 24
8 43
33 16
46 45
48 41
23 20
15 20
1 4
48 5
15 22

36 89
26 12
28 15
4 35
10 11
16 13
10 29
32 3
13 33
20 29
31 14
5 24
16 3
33 17
17 30
23 32
9 13
21 28
1 19
2 23
26 36
23 21
27 24
25 35
20 7
2 12
24 3
11 12
32 15
31 2
25 34
11 16
21 17
20 26
32 24
9 4
9 5
22 14
15 19
31 32
27 26
25 20
20 9
16 21
8 3
10 3
31 16
34 36
36 14
5 6
25 1
28 23
32 11
32 29
20 30
16 30
11 4
29 17
17 18
18 11
27 19
17 16
16 17
3 8
12 26
1 30
24 28
26 1
35 14
22 2
26 4
7 13
34 4
36 27
27 8
1 7
32 28
2 31
9 1
10 33
33 5
17 33
8 7
29 34
21 36
32 31
29 30
5 15
12 34
24 10

52 55
49 52
45 2
30 22
1 17
24 50
24 37
50 34
5 9
3 12
30 29
51 5
44 20
48 11
25 5
30 10
1 41
11 49
12 15
6 50
15 35
1 9
5 15
7 30
46 29
15 24
1 16
47 2
30 37
46 40
29 10
22 24
28 40
2 30
46 2
14 32
34 47
20 51
10 28
18 5
15 48
5 31
31 24
11 30
26 19
48 1
17 50
35 24
50 7
43 35
18 3
52 9
33 16
32 39
30 46
14 27

84 36
46 64
38 75
19 43
20 79
65 26
55 29
2 52
11 53
30 80
29 23
68 19
70 21
84 29
25 35
64 15
31 23
27 78
47 9
21 53
14 6
55 53
40 50
47 4
21 43
9 45
10 57
34 51
67 29
36 38
29 53
17 81
64 56
35 84
10 62
22 63
44 61

55 33
8 35
55 34
9 40
44 14
44 27
36 29
45 38
32 29
34 50
41 50
49 19
21 2
2 11
23 4
26 48
24 51
4 21
54 9
27 3
40 29
51 48
41 2
29 23
47 19
17 18
19 16
54 28
2 36
43 23
52 20
52 21
35 33
29 37

57 111
32 20
57 5
22 29
37 13
48 42
23 1
26 35
32 6
26 48
44 4
42 43
4 26
44 46
39 25
14 8
24 52
14 31
7 8
21 41
40 20
11 33
2 15
24 3
29 5
19 52
43 49
30 28
36 30
37 33
27 40
30 13
24 18
7 53
16 9
4 35
51 48
33 19
9 28
21 50
23 21
32 7
48 10
51 5
46 54
27 48
45 18
31 40
52 35
50 18
16 21
35 14
37 26
52 12
7 10
34 47
31 16
35 55
36 40
56 24
19 9
41 47
33 29
6 57
52 38
14 22
4 8
16 42
19 52
21 12
16 44
55 19
48 27
45 46
29 19
14 47
51 20
36 49
33 8
50 3
6 34
26 40
22 45
46 57
52 49
20 10
51 20
38 13
11 6
16 54
19 27
2 5
7 41
47 45
29 37
56 14
36 3
46 25
44 49
9 57
5 29
12 46
13 41
57 33
24 36
41 4
13 43
34 49
35 55
54 56
8 10
12 41

75 49
61 17
74 36
56 72
30 53
12 54
30 38
56 46
70 10
65 58
39 31
62 69
36 4
16 51
30 45
23 42
6 15
60 21
27 14
5 36
12 35
46 15
61 39
48 2
7 53
37 38
72 24
14 65
40 60
56 54
65 34
26 8
13 10
46 38
5 42
55 42
11 45
71 69
15 68
22 34
31 65
70 8
4 67
73 60
27 73
3 64
19 42
10 62
56 7
9 73

41 1
3 11

36 6
36 29
23 30
3 32
3 30
17 27
2 20

82 35
1 27
81 64
15 60
75 22
75 21
48 27
33 20
51 25
42 47
7 3
63 55
39 8
41 62
78 68
1 24
47 48
55 24
37 79
82 2
55 46
49 14
56 42
15 78
44 59
54 40
53 49
42 65
4 34
57 37
43 38
74 70
37 73
34 80
39 38
19 6

37 186
14 12
18 22
22 29
29 35
23 9
24 17
31 1
13 19
28 23
24 15
23 11
17 9
29 37
14 22
3 9
14 5
2 17
34 3
30 25
21 16
26 28
29 35
19 13
19 35
14 15
34 11
25 10
3 23
31 36
19 26
35 9
22 14
10 25
25 27
2 8
30 1
2 9
26 21
25 30
18 36
36 20
12 16
10 14
10 36
32 29
14 31
20 21
14 9
37 6
6 31
28 37
37 35
9 35
17 19
20 25
26 18
26 1
4 34
2 34
27 3
13 10
29 12
23 19
14 15
22 13
30 22
4 25
19 13
22 33
31 4
20 26
29 26
7 15
2 6
8 15
3 30
28 31
13 31
1 22
19 9
20 29
13 36
30 23
2 4
12 15
11 23
25 36
31 24
10 21
11 27
31 29
22 6
16 34
22 14
1 15
11 17
16 23
16 12
32 19
17 10
6 35
35 17
24 8
30 37
7 1
6 28
10 23
15 27
3 6
19 24
17 36
17 21
12 22
5 24
22 17
27 21
8 20
17 6
19 8
2 25
34 27
11 27
16 2
34 24
29 30
10 27
11 9
2 8
24 5
23 27
26 12
15 32
28 35
16 34
28 37
22 35
20 16
7 37
27 7
34 7
9 12
35 3
1 36
29 27
23 30
6 23
10 30
24 18
20 15
27 6
30 14
34 28
6 22
4 14
19 23
14 16
8 34
17 14
23 28
11 14
36 10
7 25
12 1
9 33
2 22
7 16
6 9
31 6
4 1
23 30
15 25
1 34
25 33
18 13
22 11
14 32
7 28
30 14
24 4
28 7
11 30
5 2
5 28
23 11
1 34
12 33

84 44
17 68
63 23
6 28
74 42
4 80
2 81
5 17
80 11
30 23
43 22
47 17
12 17
15 23
70 78
56 46
51 7
83 7
12 1
58 76
77 41
67 4
4 19
6 78
19 1
82 63
35 74
19 82
39 60
23 49
41 68
33 69
82 84
80 72
61 43
4 58
20 22
42 67
71 29
45 10
1 4
74 50
37 16
79 39
48 57

35 95
14 3
30 21
7 26
9 15
15 24
3 9
18 2
20 19
8 15
24 10
20 7
20 4
4 21
30 31
34 12
35 13
19 22
25 15
12 6
17 32
3 12
17 34
7 3
21 14
5 20
6 21
26 23
3 34
32 25
24 6
29 15
4 31
19 10
19 8
4 22
24 31
2 25
3 33
3 27
20 30
15 20
20 11
25 34
28 5
3 6
23 30
32 13
30 26
11 20
15 6
34 5
31 22
6 21
30 4
26 11
33 28
1 23
15 19
21 18
1 32
8 30
34 33
10 9
1 7
11 28
16 31
21 6
19 18
12 22
34 32
10 35
9 10
31 18
34 27
7 2
21 8
28 16
35 32
8 15
27 20
14 24
33 12
18 20
19 4
7 26
24 28
30 33
13 25
33 5
31 9
2 35
15 11
31 23
30 17
28 9

48 185
18 41
29 21
7 14
27 37
20 15
34 19
8 18
7 6
16 21
8 43
10 23
2 14
22 32
15 37
3 38
37 47
18 2
9 35
12 45
8 31
11 10
28 20
28 34
42 8
8 1
20 14
4 23
32 44
9 2
32 35
23 42
2 15
45 22
12 29
40 8
30 33
7 28
36 40
33 39
12 28
26 7
22 3
2 43
27 20
36 38
12 10
22 12
34 5
15 14
16 7
23 39
25 8
24 38
11 44
29 41
46 29
14 18
1 28
31 9
1 24
14 39
29 27
27 43
9 27
4 28
27 29
6 29
30 47
9 22
38 31
34 28
8 20
6 19
3 4
36 23
46 10
22 40
12 6
5 44
4 6
3 17
22 7
3 17
15 19
31 8
25 38
40 2
28 7
6 5
23 10
7 36
23 13
7 18
31 2
26 31
18 10
36 5
48 6
27 26
24 1
22 30
45 1
26 41
14 31
18 15
44 39
40 38
35 29
8 16
19 4
30 48
30 4
11 48
10 36
7 33
26 19
5 25
24 27
29 43
28 17
34 17
8 37
9 15
30 48
48 38
17 31
40 39
47 2
28 10
46 32
6 48
9 3
43 26
17 19
29 4
6 30
42 14
37 47
8 10
44 27
2 43
14 16
22 26
34 36
21 3
21 26
8 37
48 23
33 34
29 11
19 38
34 5
28 3
43 46
32 46
32 9
10 7
32 16
44 29
1 8
33 21
28 35
30 16
11 5
23 4
16 22
48 11
12 23
14 4
38 46
43 6
6 18
15 13
17 24
46 19
41 38
21 47
30 17
4 40
29 41
19 42
44 4
3 30
5 46
29 8

95 122
93 88
82 80
53 32
7 91
11 94
23 78
12 13
63 5
24 79
6 75
47 30
74 19
42 15
31 62
75 15
83 94
67 49
42 81
4 78
13 8
52 14
54 1
91 88
38 72
43 6
6 82
23 93
6 31
65 31
88 15
5 63
39 11
59 23
18 22
48 27
73 38
46 89
52 51
89 95
6 62
26 31
80 83
72 22
94 43
94 28
55 49
40 66
39 27
54 75
22 84
71 89
93 15
79 50
64 75
67 55
87 48
72 28
27 83
62 80
19 46
57 38
1 35
92 82
6 45
51 24
79 82
15 6
30 41
81 43
33 9
67 32
84 50
37 5
26 20
55 38
16 35
36 81
86 16
44 69
28 26
44 34
87 67
54 48
90 69
47 92
17 79
44 31
51 46
17 60
42 57
35 20
68 58
84 16
92 23
53 55
29 30
66 41
89 20
91 7
43 9
52 10
49 77
18 32
81 62
67 14
41 84
71 89
46 12
27 13
7 38
88 14
20 65
64 58
37 9
72 18
76 17
48 36
68 62
78 1
21 35
32 63
92 63

30 191
20 13
6 11
8 11
25 10
24 21
9 2
29 19
22 19
25 24
18 29
14 6
7 30
25 30
7 4
20 30
13 7
19 11
27 17
5 9
20 8
2 4
23 4
2 8
17 30
8 7
10 20
20 24
22 27
8 1
7 6
26 7
26 23
2 4
5 4
15 14
24 9
23 29
9 28
21 1
19 12
10 27
12 9
30 18
30 8
11 14
26 3
25 12
5 20
24 25
27 4
18 8
11 6
30 12
19 3
22 6
5 15
25 24
28 23
30 24
7 4
15 14
4 30
13 10
11 5
7 19
2 9
1 26
10 3
27 24
15 7
11 13
10 22
6 12
2 19
13 26
7 4
15 6
14 13
22 11
24 25
20 10
20 7
20 6
22 29
1 18
28 23
13 14
28 11
21 18
28 4
23 6
30 18
19 29
5 19
2 30
18 3
29 9
7 23
27 30
1 17
5 8
1 24
26 24
7 4
13 19
24 1
28 3
26 9
29 17
25 29
8 3
14 25
9 12
7 30
16 5
16 8
28 26
14 5
8 21
25 4
27 30
12 29
1 18
20 11
1 19
8 17
24 2
10 3
25 24
3 23
10 26
17 16
6 18
19 9
12 28
17 30
16 22
16 30
11 4
25 19
10 23
14 23
6 14
29 9
10 24
12 17
19 20
14 19
28 21
26 9
11 30
27 3
25 4
10 20
18 9
17 3
20 5
15 24
5 22
10 12
4 20
29 4
24 3
18 13
24 11
12 18
22 2
13 7
24 22
15 27
13 21
30 17
7 14
12 24
2 29
29 11
17 1
6 4
14 10
17 30
13 24
21 19
26 24
28 3
16 12
20 15
21 3
27 3
20 8
30 12
2 11

91 165
88 4
44 53
74 43
43 53
21 17
57 28
17 61
49 64
14 57
61 78
11 33
23 33
73 90
24 27
48 10
27 3
90 67
88 34
62 13
33 91
50 8
80 70
81 28
88 11
54 40
82 59
46 78
35 3
86 11
45 67
19 18
80 1
3 47
25 29
73 88
11 53
12 51
29 59
62 64
56 3
55 73
27 76
84 17
13 49
13 62
75 54
40 72
1 4
63 52
31 23
21 5
30 55
15 85
76 71
1 59
59 13
58 82
8 42
56 88
22 12
13 79
74 63
81 73
66 5
22 11
7 83
34 65
74 46
68 18
37 15
51 83
40 54
3 29
25 55
2 70
78 7
45 59
22 91
53 38
17 12
54 36
34 22
80 56
54 47
64 51
18 11
38 89
3 21
22 90
31 64
47 61
5 55
12 51
40 38
29 65
68 34
20 52
79 50
40 66
19 77
23 62
1 49
83 35
20 53
78 65
8 22
31 29
40 34
39 9
17 12
1 42
68 79
67 78
4 16
12 41
21 32
73 17
25 12
41 13
21 46
34 33
3 6
45 78
31 59
31 54
49 54
20 35
66 18
3 7
37 27
36 19
76 44
83 34
7 72
69 60
16 5
77 74
23 22
83 10
77 10
67 83
71 90
26 50
13 26
84 86
44 21
61 87
30 77
33 25
59 75
75 79
11 84
11 67
51 75
23 29
52 54
40 85
22 19
7 74
67 57
82 67
85 38
82 21
39 47
7 44

31 179
1 4
20 14
17 5
8 13
8 26
8 6
3 8
8 25
18 17
27 9
23 2
28 16
2 27
27 18
22 4
21 11
29 5
29 24
3 20
9 20
7 24
3 27
18 6
6 17
27 14
29 8
7 17
31 22
13 17
24 25
24 6
22 21
7 8
14 30
19 24
13 4
16 24
28 13
31 24
19 23
7 16
14 22
10 24
21 2
7 22
9 22
29 28
13 4
9 20
17 22
14 10
5 9
22 19
15 12
21 22
1 28
23 22
9 30
3 29
10 2
19 25
22 15
11 20
5 3
4 15
16 31
27 6
30 29
31 27
30 25
24 28
18 26
22 15
16 21
14 11
15 4
18 14
5 29
5 1
31 11
30 19
8 19
25 21
28 29
1 6
25 23
21 10
13 31
24 18
27 22
28 23
11 4
4 19
12 8
3 13
19 31
7 12
24 12
8 19
22 6
3 14
25 18
5 11
26 13
22 7
15 19
4 8
19 6
31 19
31 15
17 7
20 21
28 18
13 27
9 11
11 6
14 28
3 17
14 9
7 19
10 23
4 8
12 8
31 2
16 28
20 8
20 29
20 14
11 26
18 23
10 4
28 6
11 23
8 4
22 20
15 10
8 26
18 19
16 29
26 11
28 26
21 22
25 21
30 11
4 26
2 11
7 30
9 30
31 26
16 28
8 26
29 23
13 12
7 25
3 30
13 6
28 25
4 24
5 28
11 24
19 2
4 14
20 26
23 11
25 18
8 22
15 23
27 14
21 26
10 2
1 17
16 29
11 31
27 12
6 13
10 6
18 15
9 8
3 1

71 145
29 34
5 28
10 67
71 43
28 48
15 37
2 22
52 17
47 43
50 43
33 28
2 11
3 41
41 8
14 22
12 57
14 1
21 51
35 5
16 64
35 56
56 41
4 30
22 7
2 5
50 65
64 70
31 46
31 28
38 49
17 26
37 62
21 8
70 34
64 21
32 12
42 2
55 56
49 53
49 15
69 47
54 66
1 4
28 18
50 35
9 13
4 27
18 31
54 61
58 59
12 18
35 71
60 52
25 42
1 16
18 37
68 42
64 42
45 31
69 61
62 8
59 23
5 23
16 17
14 59
65 47
63 66
14 63
58 11
24 34
37 18
31 18
52 34
55 32
60 4
62 68
2 22
62 5
21 37
9 68
23 28
28 11
15 18
9 19
51 56
58 48
50 5
7 17
59 9
33 50
49 41
47 59
21 60
28 53
66 13
34 59
8 2
60 29
64 30
44 10
2 30
29 26
31 47
4 33
42 44
67 27
29 70
60 69
21 53
47 71
7 37
18 15
56 19
56 21
63 58
38 71
42 54
19 10
47 35
3 39
56 17
52 50
67 34
39 2
15 59
28 42
2 41
33 30
19 16
28 32
62 56
47 70
24 36
44 22
66 19
6 48
44 23
57 29
46 61
28 21
55 5
13 55
41 40
22 12
9 55

64 93
43 41
47 31
9 59
30 36
20 18
46 28
23 57
52 30
62 35
53 1
52 48
64 62
16 14
27 3
56 24
26 1
7 57
19 30
32 46
8 35
51 12
17 47
3 12
47 13
63 3
23 33
64 27
39 21
47 42
44 30
15 11
55 50
53 62
20 26
10 7
6 3
53 59
52 10
59 6
23 50
46 59
31 54
58 16
37 11
35 7
35 54
38 62
33 6
52 50
62 43
58 36
42 39
44 3
22 52
33 52
50 46
19 50
42 31
53 43
32 9
62 21
36 37
64 31
8 64
32 62
63 33
4 54
9 64
20 36
9 7
11 6
47 49
19 18
52 25
53 54
30 41
54 22
21 59
42 17
51 59
37 35
17 47
46 41
58 5
54 49
59 42
30 44
61 11
62 20
20 53
60 8
50 43
39 10

9 58
8 3
3 1
7 9
1 8
7 1
5 2
4 7
9 1
3 8
4 7
2 6
5 2
1 7
8 9
3 7
2 5
6 5
6 8
1 2
3 6
3 5
7 6
3 9
8 7
1 9
9 8
9 3
7 6
7 1
2 5
1 9
1 6
2 1
3 1
6 2
7 1
2 4
6 3
5 9
8 2
8 4
5 8
6 2
5 3
6 3
9 5
3 6
3 1
9 1
6 4
2 4
9 4
3 4
4 8
4 1
3 8
5 8
5 8

52 23
50 29
29 9
41 49
49 29
16 47
46 23
52 23
20 18
14 27
39 30
22 26
44 12
22 29
31 43
27 23
1 31
44 31
40 29
9 6
49 13
3 46
13 46
13 44

78 196
61 46
12 54
11 32
56 29
3 4
29 21
21 39
63 57
57 71
35 68
67 16
67 7
51 55
3 66
73 37
21 6
55 18
60 10
37 36
13 7
41 33
15 43
65 68
55 44
76 30
35 38
1 23
39 34
64 61
10 25
67 61
36 69
18 52
68 13
35 20
38 21
49 15
34 65
35 55
67 11
74 5
77 47
78 14
52 5
26 40
46 20
63 43
25 40
63 20
31 48
21 40
49 64
21 16
7 28
41 8
78 25
66 25
58 17
4 1
32 62
51 12
23 64
44 3
16 60
7 49
15 59
41 73
38 8
71 22
56 17
19 72
8 16
60 45
30 26
36 72
14 63
39 42
36 52
42 71
5 16
71 25
30 63
36 78
13 56
36 64
10 57
73 38
10 30
3 74
21 70
72 63
5 44
44 42
50 16
29 21
19 66
43 23
70 2
65 5
22 9
2 60
2 29
12 68
37 76
20 40
41 37
26 40
41 37
63 4
11 6
41 52
10 26
8 25
36 15
65 47
2 42
52 51
5 44
46 30
4 41
1 71
46 36
3 53
69 57
10 17
71 75
11 65
7 44
73 30
63 23
36 46
5 29
29 17
29 20
64 47
41 31
55 63
7 43
62 24
25 3
19 18
60 37
59 71
52 46
33 63
64 12
62 40
74 69
76 37
75 10
22 17
60 30
5 38
30 49
69 45
37 20
44 33
14 72
48 64
42 8
74 56
62 4
7 51
67 19
66 9
32 11
20 13
7 70
65 29
14 54
6 74
15 64
30 29
25 18
10 50
33 10
28 12
74 77
13 17
76 13
77 65
3 45
68 75
76 6
73 32
57 12
19 39
35 27
50 26
57 33
20 4
51 6
62 3
48 28
65 20
38 31

11 66
4 2
11 3
10 8
11 1
9 2
2 9
3 5
4 10
6 2
11 10
9 11
3 5
2 5
11 5
2 7
5 6
4 10
6 10
2 11
10 1
11 4
6 3
9 11
6 3
8 11
6 3
10 2
10 11
2 9
4 2
5 8
6 10
5 7
2 4
2 6
11 10
6 3
4 8
2 10
4 2
1 9
7 6
5 8
5 2
11 9
9 2
10 1
11 3
6 2
11 5
10 7
3 8
2 6
9 2
3 4
10 4
1 2
5 11
7 11
11 7
1 6
7 5
10 5
9 4
4 1
3 2

34 185
16 6
3 16
10 19
31 26
9 17
1 30
14 6
7 4
33 3
24 16
3 25
28 33
24 7
21 8
30 5
6 32
11 5
6 2
1 4
3 30
3 15
3 20
27 2
30 2
25 9
27 25
12 6
15 24
11 9
14 17
27 21
31 9
1 6
16 3
15 32
4 7
10 4
27 19
16 8
27 32
25 10
28 5
8 22
2 3
4 10
3 24
5 26
25 16
17 33
3 15
4 10
26 1
3 10
8 1
30 15
31 8
16 30
28 23
3 13
6 11
7 2
33 32
21 33
5 17
23 9
28 6
11 3
1 10
29 30
7 16
25 4
15 30
20 19
26 30
24 5
14 31
30 23
3 10
34 13
21 3
29 19
23 34
6 33
26 31
18 7
34 3
5 25
31 23
5 7
11 8
1 26
17 25
23 10
26 11
24 16
18 22
20 28
27 23
13 27
29 17
26 34
33 27
33 10
1 30
24 31
20 30
7 17
23 3
1 25
5 2
17 13
20 4
20 34
7 6
22 10
18 2
16 34
7 29
3 6
28 22
9 30
22 24
12 29
19 10
8 7
22 14
21 28
14 2
19 1
29 6
7 20
24 22
9 16
6 30
5 31
11 20
1 22
28 23
23 10
6 24
24 32
28 15
12 29
4 32
6 14
3 31
14 17
8 30
1 21
30 6
9 11
26 16
26 29
30 27
18 29
11 33
11 31
20 2
20 5
3 2
30 10
2 32
33 4
10 18
10 15
16 27
32 31
28 23
7 26
28 14
26 12
26 22
20 29
33 6
18 22
25 29
8 21
6 24
17 23
5 31
26 28
34 22
1 9
31 7
25 34

37 109
17 14
32 30
3 8
12 10
7 17
27 31
24 36
32 25
8 31
32 17
28 11
21 26
3 11
21 4
12 10
21 10
26 14
36 33
35 16
13 3
30 36
1 9
20 15
2 14
14 2
31 1
32 17
16 20
19 1
18 37
15 6
32 37
20 32
7 14
36 7
8 22
1 29
9 11
22 31
15 5
4 11
14 22
9 31
27 13
32 21
14 35
13 37
34 33
1 19
27 1
17 26
21 27
24 29
30 18
26 29
11 15
10 27
23 12
9 31
10 28
13 14
37 16
17 28
12 10
10 20
5 17
6 32
27 32
4 24
35 18
20 18
33 24
7 27
29 22
33 27
7 34
21 16
4 10
6 17
8 12
5 2
33 23
16 17
5 11
16 21
4 27
21 28
34 24
17 13
1 35
21 5
12 8
4 18
31 5
3 7
24 10
30 12
27 5
15 28
29 32
16 4
2 16
30 12
23 8
15 26
26 30
27 30
34 29
16 29

31 81
3 16
31 11
24 9
27 3
13 25
9 13
31 7
5 11
29 14
25 5
22 23
6 23
22 9
28 6
4 9
24 11
9 5
31 2
9 22
9 19
6 25
27 29
19 24
26 16
9 17
19 18
22 28
31 10
18 4
14 21
6 15
10 29
4 28
10 2
30 5
1 22
14 1
17 7
28 12
12 3
30 9
7 3
21 6
30 1
7 6
8 9
20 21
4 29
13 14
8 4
13 1
16 10
14 2
20 18
29 18
24 23
24 14
2 10
21 2
31 23
25 10
10 5
15 5
16 11
23 31
7 24
14 12
25 30
18 27
3 30
7 19
25 17
13 14
17 28
31 20
1 18
6 15
6 28
3 15
5 8
10 12

27 195
8 27
17 18
8 21
19 10
10 1
2 21
9 25
12 16
24 25
10 23
9 8
1 25
17 16
12 23
19 17
3 7
27 5
8 22
14 20
5 21
14 24
22 19
4 15
24 25
23 11
23 13
2 19
15 20
19 12
15 22
18 16
4 7
27 17
6 2
2 25
21 8
19 14
25 23
15 9
13 16
7 18
15 2
9 25
10 22
4 24
5 1
8 13
15 14
7 9
17 20
25 8
16 6
25 16
3 18
10 2
9 21
19 18
18 11
25 19
18 9
22 25
18 9
11 25
12 3
1 18
25 21
27 25
20 7
7 27
8 19
17 13
11 21
1 4
9 21
2 1
27 21
24 16
7 5
22 21
1 18
20 5
27 20
26 25
23 6
15 19
1 18
14 12
24 14
5 15
10 23
9 8
2 22
2 14
26 16
21 16
1 24
16 24
9 12
23 20
11 18
14 1
20 5
10 6
1 15
6 20
17 18
23 16
6 20
21 25
24 25
9 5
7 24
19 14
5 20
1 13
17 2
6 11
11 1
11 9
15 26
22 5
20 9
4 14
11 1
16 4
2 11
27 9
18 15
24 8
10 17
12 17
27 13
18 17
6 11
2 8
10 16
15 12
12 14
7 12
1 10
7 14
6 1
3 27
1 11
20 14
15 12
10 1
7 4
2 9
24 11
3 27
7 19
12 1
10 4
10 11
2 15
27 22
20 26
10 15
15 8
11 7
11 21
27 21
2 4
15 21
26 5
14 26
15 14
25 18
5 12
21 3
6 26
14 15
14 9
10 15
27 14
7 4
8 2
17 6
13 2
25 17
2 3
25 24
20 3
2 10
18 15
2 18
12 14
20 24
26 4
10 5
26 10
12 18
12 10
7 27

84 3
35 39
83 50
17 42

43 147
11 22
40 42
36 24
19 42
14 32
3 36
2 1
28 40
11 28
32 1
34 41
23 26
7 25
12 13
12 17
30 9
1 20
14 6
26 23
20 28
29 41
11 32
11 35
8 32
1 29
34 11
18 42
23 38
9 11
5 29
8 38
17 32
43 35
35 37
6 15
18 4
38 19
24 35
30 12
34 33
14 25
14 2
16 9
31 2
23 9
35 25
3 39
28 42
21 31
35 7
10 32
25 5
26 41
38 7
7 9
7 30
18 21
13 4
35 37
12 10
3 9
28 19
8 12
25 33
9 34
8 9
38 36
39 32
38 32
13 16
6 36
2 26
19 24
36 2
17 6
31 17
40 6
17 12
40 11
37 30
10 37
30 17
5 42
22 18
33 25
5 9
39 13
12 11
11 5
17 14
26 13
43 5
13 5
34 40
5 35
30 34
11 17
36 20
3 17
6 29
36 35
2 14
10 35
2 14
33 37
24 10
23 25
9 38
6 2
41 30
33 36
1 20
36 33
12 14
17 14
6 22
42 3
23 20
43 10
16 13
6 15
10 16
33 10
18 4
41 2
37 29
16 10
6 2
10 11
8 13
2 4
21 37
25 19
9 40
9 5
39 14
17 41
1 39
11 1
24 6
33 29
1 24
9 41
42 38
24 25
11 14
39 12

62 145
27 39
60 13
36 5
33 28
17 27
11 28
37 13
11 44
42 5
6 17
19 59
6 51
15 51
37 58
51 19
51 21
26 24
15 26
35 62
48 28
17 45
60 53
37 26
15 4
31 38
2 48
31 56
3 48
42 59
36 37
17 1
14 29
7 14
11 56
29 23
58 12
31 43
34 9
57 1
8 7
5 58
24 14
7 26
42 28
37 51
12 25
5 35
59 32
30 19
14 4
18 58
26 56
3 52
19 8
20 7
45 42
11 25
3 7
7 3
44 36
36 10
30 60
9 46
22 55
15 2
6 46
14 11
43 46
3 23
36 43
24 39
44 48
17 11
11 45
26 17
34 47
27 11
34 56
33 38
61 6
50 10
8 26
25 42
9 40
56 41
26 33
47 49
5 2
9 29
16 37
32 44
38 6
56 13
60 20
50 53
2 6
55 43
13 57
33 49
33 45
15 46
24 10
15 42
53 35
15 26
17 18
11 46
6 1
61 8
54 21
26 29
1 14
39 27
57 33
28 41
60 6
45 20
59 31
25 51
16 13
25 14
11 50
1 19
11 52
54 14
12 42
35 37
17 55
21 8
39 7
7 38
59 38
5 9
19 61
10 13
15 54
58 12
10 50
27 16
22 48
45 42
45 24
53 29
52 44
55 32

92 104
13 75
71 30
58 2
10 85
84 23
58 37
36 12
85 6
31 37
30 86
51 48
91 24
44 31
77 85
25 12
37 81
18 79
82 75
13 51
56 37
20 23
10 16
3 59
80 24
84 74
3 23
70 87
71 62
13 4
47 10
51 59
74 1
6 17
71 90
32 49
49 59
11 3
40 26
80 56
5 57
32 85
25 49
1 23
90 11
35 11
66 37
73 2
79 39
73 53
14 59
92 80
35 21
28 79
27 25
60 57
83 35
33 69
6 92
88 81
69 78
51 16
76 92
35 53
6 78
34 9
25 40
19 57
35 34
30 86
9 75
32 10
54 5
2 13
83 20
9 27
6 27
47 9
28 71
70 14
33 78
59 36
6 83
46 10
11 67
84 80
66 20
87 25
51 46
82 78
6 91
87 18
19 11
20 68
23 14
11 80
3 63
22 60
45 37
88 22
11 20
63 54
37 70
51 41
47 33

61 139
60 24
34 22
56 30
61 4
31 18
58 17
34 46
15 8
39 15
4 1
47 36
26 14
10 45
26 22
56 37
36 17
40 46
13 58
53 51
4 7
4 44
58 6
61 33
22 18
39 29
2 1
24 53
40 29
35 46
36 31
50 57
20 58
43 19
55 51
15 28
56 61
45 33
3 6
20 53
54 33
56 21
34 25
20 7
32 47
42 18
21 60
31 36
9 14
47 54
57 16
61 34
13 29
33 35
34 14
18 39
45 37
18 17
14 57
59 38
55 33
5 45
36 3
18 23
52 22
7 46
6 10
48 54
45 50
40 17
33 9
10 7
39 43
7 40
48 22
10 1
22 54
45 52
8 30
15 26
2 17
11 43
46 26
54 51
10 9
26 11
20 26
19 7
26 16
15 26
19 38
30 54
60 4
2 15
58 25
14 31
38 33
53 13
39 43
18 44
27 47
55 52
9 39
14 44
5 54
60 6
39 20
22 20
24 11
58 50
6 59
36 39
4 35
5 50
16 39
11 50
29 37
17 56
39 44
17 21
51 13
54 30
46 53
12 56
12 19
39 30
50 11
10 47
16 13
8 45
29 39
5 25
27 24
32 33
12 50
4 40
39 9
43 22
5 44
33 56

51 113
36 43
47 4
47 25
9 23
34 6
24 50
43 11
21 39
21 11
36 10
41 30
17 7
12 44
8 13
36 4
13 8
28 11
38 5
30 15
10 4
43 50
1 13
36 32
25 51
38 19
43 20
31 29
37 39
21 51
27 6
22 16
47 39
36 39
30 14
15 4
25 41
28 26
18 25
25 18
15 37
8 50
25 46
11 21
35 36
41 26
10 2
42 22
10 22
51 14
43 44
17 48
12 20
24 7
22 23
6 39
5 23
31 27
40 3
23 49
33 11
2 30
17 19
28 22
3 6
22 50
23 25
36 32
47 14
43 6
7 22
12 9
3 51
31 1
29 37
46 19
6 35
26 51
40 13
37 2
34 25
43 45
11 29
41 15
43 13
18 34
42 16
24 2
19 32
3 7
29 17
19 30
18 40
31 2
40 2
24 17
15 10
34 8
39 49
8 26
37 32
42 37
24 51
32 15
11 4
47 28
2 19
11 22
41 21
47 14
9 8
24 13
6 8
29 33

34 127
12 28
27 17
11 5
21 2
8 31
12 30
3 18
8 21
16 28
32 8
23 22
16 33
19 9
12 21
8 12
14 9
32 24
10 25
34 22
4 21
25 11
17 3
19 26
16 6
18 6
21 20
5 8
27 34
12 20
33 34
33 31
26 5
23 29
29 7
26 18
3 8
10 28
12 19
20 10
7 2
20 1
9 31
25 2
27 24
19 6
7 22
2 30
10 20
21 20
18 17
15 23
34 31
5 34
20 32
21 23
28 29
30 8
3 33
31 27
10 23
13 1
33 34
28 18
30 23
30 6
28 32
31 15
3 2
31 22
25 17
28 25
7 19
3 17
10 20
3 31
34 21
17 32
5 10
17 5
21 18
22 12
14 27
7 23
19 34
5 22
9 26
5 3
25 23
9 18
22 6
10 22
19 30
9 4
16 25
32 17
4 18
17 3
28 30
7 21
10 31
5 34
4 22
21 26
16 30
16 30
30 2
34 30
8 23
15 3
23 31
24 27
9 16
10 31
28 34
17 34
1 26
10 26
25 12
15 5
14 3
34 10
31 23
6 11
19 30
23 7
19 5
15 18

10 93
9 7
9 7
8 4
3 8
9 4
4 2
7 5
1 6
10 6
2 3
9 5
5 2
9 1
2 4
8 2
10 5
8 4
10 7
3 5
10 9
6 8
2 9
5 3
10 2
3 5
6 2
3 6
9 5
7 9
6 7
1 10
5 1
5 3
10 4
1 9
2 9
9 2
5 8
9 6
6 2
6 5
2 1
4 5
1 10
6 5
9 1
8 9
4 9
8 2
10 8
3 2
10 6
8 6
7 8
2 5
1 7
4 8
4 10
5 1
8 4
8 9
6 5
3 4
7 3
4 8
2 6
5 8
10 9
9 8
5 6
4 8
8 6
10 9
10 9
2 6
8 6
2 7
2 5
5 6
10 3
7 4
2 9
3 4
7 9
1 9
9 2
6 8
10 4
3 5
5 6
3 6
3 7
1 4

54 140
15 27
14 5
39 48
35 5
2 4
30 44
1 9
51 45
1 25
51 47
12 28
33 16
34 43
11 23
29 27
7 1
31 1
1 22
31 15
11 20
34 25
53 7
11 23
16 40
31 25
2 26
48 3
53 43
32 48
44 11
51 47
31 10
1 48
19 44
40 15
33 20
29 2
47 50
26 21
36 33
41 19
22 15
19 3
13 14
28 13
15 4
11 29
9 22
35 42
35 46
6 38
38 13
23 34
45 10
30 15
2 4
50 37
46 50
15 13
45 13
25 50
2 23
36 52
4 15
35 32
5 37
19 10
54 28
2 21
36 26
13 45
14 7
13 37
50 24
37 1
8 10
15 45
30 27
7 43
25 11
14 46
34 50
38 17
40 3
1 41
4 49
4 10
17 39
49 42
5 32
1 14
43 31
44 19
4 54
41 52
50 26
35 31
34 4
26 11
17 12
6 21
4 11
3 25
4 12
4 33
42 3
11 25
35 54
15 26
27 41
12 51
7 15
47 23
16 17
24 42
40 28
2 45
16 26
37 31
33 50
1 39
51 4
38 37
33 49
8 29
39 8
35 16
7 33
23 48
28 54
15 41
30 51
37 51
39 27
43 54
24 47
29 37
36 4
41 22
27 52

68 14
3 53
22 3
37 7
58 6
48 62
37 1
25 53
27 55
30 42
6 38
51 22
40 67
29 15
8 66

78 31
5 28
23 7
54 63
29 7
3 75
43 76
47 51
42 33
22 43
34 62
35 70
3 1
67 10
10 7
20 13
61 68
68 25
66 50
10 13
68 15
15 75
69 3
21 76
71 35
57 54
70 4
30 36
16 59
3 51
48 32
55 39

19 28
11 19
4 14
8 18
17 18
4 5
8 5
17 5
15 5
5 13
13 19
19 3
15 11
3 14
1 3
8 13
3 8
8 12
18 6
19 12
2 5
7 9
7 8
12 2
7 3
15 16
6 7
17 7
8 14

48 67
28 29
12 41
17 27
20 9
37 18
21 36
24 29
13 46
32 20
6 16
11 13
38 25
13 33
19 46
4 18
21 39
30 16
35 43
19 25
22 12
22 16
40 27
29 43
20 37
17 19
28 48
12 45
38 12
28 47
46 2
44 13
15 24
43 11
22 14
34 32
43 27
29 10
27 44
17 47
22 27
44 21
33 4
47 19
31 28
41 16
6 26
2 41
8 7
23 26
25 11
17 47
34 27
29 21
8 12
18 2
5 4
9 36
37 45
35 1
38 8
28 9
12 15
20 40
39 20
23 2
42 26
17 33

26 66
3 24
2 17
15 24
25 13
11 26
19 25
13 21
10 17
16 21
24 20
5 20
8 17
25 21
26 6
13 23
7 12
16 19
13 12
23 18
18 20
9 1
14 5
14 16
8 25
16 21
11 9
16 26
13 8
14 17
1 11
18 8
4 1
15 8
8 7
17 14
9 4
5 20
23 24
1 25
21 15
1 2
1 3
1 9
6 19
9 2
5 24
19 13
19 21
24 26
9 3
10 17
8 19
7 2
21 10
3 15
12 2
18 19
4 11
14 17
1 23
26 7
17 18
1 26
19 23
1 10
14 22

32 171
2 11
11 21
6 31
13 5
14 18
1 3
16 31
17 6
32 13
11 25
6 16
14 31
30 23
25 18
21 27
5 8
16 2
26 17
13 9
29 23
16 21
31 7
22 19
18 19
29 2
18 6
16 2
32 3
18 9
17 23
7 19
25 14
4 3
28 24
32 14
1 18
27 12
24 9
5 8
23 4
14 5
22 24
9 21
6 12
6 25
22 28
13 15
12 2
7 11
18 29
15 4
4 31
18 30
19 16
23 7
22 4
15 22
29 4
32 6
28 14
6 31
23 16
25 16
7 3
27 23
13 7
22 2
4 19
14 4
15 6
3 23
7 29
30 8
7 14
14 19
7 29
32 4
13 1
22 21
1 8
4 1
9 30
20 21
20 14
29 18
7 20
8 27
11 8
15 19
23 13
4 12
8 27
29 31
1 14
12 26
11 26
9 32
27 32
16 25
28 7
16 15
6 19
19 16
5 12
24 18
27 14
8 21
3 5
10 29
28 11
31 9
32 26
3 31
1 8
26 3
3 14
16 21
11 18
5 26
29 8
26 12
25 2
26 13
19 32
25 17
5 4
14 27
13 20
12 4
27 15
18 21
6 25
22 27
25 21
9 14
27 5
18 25
14 26
21 11
7 9
16 9
18 6
8 27
15 28
3 27
31 25
19 31
26 9
25 15
9 23
25 2
4 15
13 22
3 13
1 25
18 9
27 15
32 7
26 23
16 6
11 7
24 23
30 16
29 15
13 23
7 21
7 6
29 4
16 23
20 27
10 32

11 106
10 2
10 4
11 6
1 2
9 10
3 2
5 2
7 5
8 6
10 1
4 8
7 10
11 7
1 4
6 10
2 11
6 1
11 2
3 5
9 8
2 11
8 4
2 8
5 11
5 3
6 8
8 11
9 1
3 7
1 8
1 4
1 10
5 3
8 5
5 11
1 8
5 6
8 9
11 1
9 11
2 11
11 1
3 7
9 7
8 10
5 10
5 7
2 8
6 2
2 3
4 11
7 10
5 3
10 7
4 2
8 1
9 6
10 1
11 9
10 4
10 11
3 9
10 9
2 10
8 3
8 7
1 2
2 6
7 1
7 4
2 6
7 10
2 1
11 7
1 5
9 3
8 1
7 1
2 4
1 4
2 6
2 4
2 3
7 3
11 9
4 3
3 4
2 6
11 10
2 6
8 4
1 5
3 9
7 5
11 3
2 8
8 3
3 10
6 10
5 9
11 5
1 2
4 2
8 4
10 11
4 11

39 12
26 27
12 31
28 18
12 9
11 6
13 9
24 12
27 33
3 1
18 19
27 14
29 19

87 30
58 78
80 13
32 50
15 28
37 46
47 74
36 67
65 67
24 68
6 13
46 40
25 33
29 48
55 47
81 12
15 63
15 34
27 74
19 50
5 84
39 70
85 84
29 78
38 40
12 15
61 74
77 49
72 13
56 73
66 5

30 131
10 19
3 25
14 6
19 8
4 1
18 19
23 6
1 10
7 21
26 17
15 8
6 29
18 19
3 15
9 22
21 23
15 22
5 1
12 15
8 15
28 26
17 30
9 18
18 22
9 17
14 1
9 30
16 9
30 18
10 19
21 27
9 13
2 23
11 8
13 17
27 17
13 15
1 10
25 24
10 11
6 19
29 25
26 28
1 18
26 6
15 18
17 30
6 23
23 18
10 30
16 7
3 6
27 23
17 18
12 21
10 11
16 3
2 29
21 15
15 2
2 12
18 19
9 21
4 11
30 26
30 25
2 13
2 10
5 15
29 14
21 4
8 24
19 22
2 20
22 26
19 10
1 20
11 1
30 19
4 3
23 21
3 4
20 18
29 28
30 6
24 23
21 18
12 15
27 28
22 12
3 21
2 18
13 15
27 10
23 9
17 16
8 2
15 3
28 4
20 17
28 17
25 14
22 10
18 11
21 20
22 30
3 26
28 30
8 1
30 17
6 5
27 20
18 9
2 1
8 25
2 24
23 2
15 20
8 6
10 5
29 20
27 9
25 17
3 5
28 21
16 8
10 4
1 28
1 16
25 12
23 22

54 67
41 52
20 15
1 17
23 21
41 24
31 50
37 38
7 5
36 28
53 9
15 2
21 49
8 38
11 31
36 14
4 50
18 36
46 29
29 40
54 28
40 45
20 30
45 51
25 8
21 33
35 48
2 53
36 26
38 25
51 10
48 45
12 8
19 8
51 39
18 17
48 1
32 6
41 51
44 4
49 47
49 38
3 7
2 37
38 29
27 30
39 11
24 34
18 13
36 17
34 49
25 30
31 5
48 46
49 13
18 9
54 41
32 10
54 45
1 2
12 26
14 43
1 33
13 29
42 31
9 35
41 2
29 39

22 97
4 10
1 8
17 16
4 21
11 14
9 5
10 14
12 3
13 9
15 1
17 2
3 15
17 20
20 17
4 7
22 20
18 19
12 3
8 15
6 22
11 6
10 19
11 13
18 22
12 17
7 4
21 3
16 18
2 4
17 18
22 4
16 15
16 3
2 15
3 8
6 4
19 17
18 2
10 8
4 3
16 22
18 13
1 3
10 20
16 11
1 11
3 14
2 3
16 5
7 6
12 14
14 6
2 15
15 19
15 12
1 4
21 10
4 6
9 7
19 3
9 6
12 9
6 17
1 7
2 18
13 21
13 20
15 16
11 19
10 13
2 3
4 14
9 19
19 21
3 9
10 15
20 16
12 19
8 18
17 18
22 9
16 6
12 9
11 10
9 16
1 2
11 12
7 14
1 21
20 21
14 3
5 18
6 9
16 5
7 18
20 8
2 8

24 100
18 14
19 24
12 14
21 5
11 1
5 13
22 20
12 9
5 21
8 23
16 24
11 6
13 15
15 17
14 8
18 6
10 15
9 23
11 16
5 13
14 2
12 14
18 22
22 15
8 11
7 22
8 13
4 7
16 24
3 1
5 1
8 19
2 15
4 20
9 2
10 24
11 4
15 22
17 1
23 4
9 7
17 9
8 21
3 13
23 15
8 1
3 23
12 16
19 9
1 4
11 12
12 1
15 23
1 24
20 17
15 20
23 4
12 2
2 18
21 3
15 1
13 1
19 16
23 24
15 9
13 23
3 15
22 17
6 3
5 7
10 7
19 15
5 9
20 3
13 10
14 16
12 3
1 3
2 23
10 7
7 8
7 23
24 20
14 20
22 6
4 23
20 21
24 8
17 4
9 23
20 6
17 20
23 21
4 19
7 22
19 3
13 23
11 5
19 22
21 8

86 171
50 22
72 22
31 76
75 48
52 57
17 20
86 49
20 31
24 61
83 36
70 18
73 58
3 78
37 31
67 9
66 39
27 5
31 22
13 50
60 5
55 1
39 58
5 12
31 61
49 31
71 11
35 71
45 3
9 59
60 14
14 55
50 32
22 47
18 55
12 14
34 50
57 8
44 45
27 33
84 9
16 84
62 36
50 59
86 83
25 5
47 79
8 57
32 24
3 14
21 70
38 4
75 38
25 55
68 4
14 48
78 47
47 8
47 33
29 80
34 61
31 71
55 3
68 83
44 16
56 57
1 30
13 9
30 53
81 57
80 58
44 52
62 53
16 4
71 31
74 7
55 42
15 34
10 36
19 46
12 7
13 9
34 51
9 21
63 56
62 11
61 23
31 75
64 57
7 72
24 61
53 16
27 14
26 31
63 40
39 61
64 12
72 50
34 71
77 19
21 29
8 75
54 22
78 61
60 42
30 57
60 5
55 82
16 32
25 60
12 31
53 71
24 17
36 50
40 78
13 81
50 71
34 19
79 36
19 85
22 2
54 59
45 43
68 1
81 27
3 29
11 10
26 35
83 69
14 65
78 45
79 69
47 30
14 55
28 51
68 61
82 60
33 32
1 30
15 38
34 84
75 77
74 21
45 76
1 26
57 22
59 10
40 16
15 21
32 75
77 34
1 10
34 63
73 65
39 20
62 10
83 74
16 57
86 17
5 7
30 80
43 57
23 36
8 18
18 20
24 61
10 12
6 48
67 19
21 80
74 34
40 9

49 108
11 1
18 35
23 1
36 35
21 11
18 46
22 23
39 47
45 18
39 33
46 12
18 4
30 29
5 41
19 48
36 3
43 11
20 36
38 3
17 47
27 36
40 36
8 32
35 20
38 9
25 36
6 11
38 32
47 11
10 38
4 35
27 2
22 44
23 31
24 37
44 21
12 45
25 30
27 19
8 42
16 17
28 9
35 31
10 8
22 26
3 31
13 43
35 30
23 12
27 10
17 8
14 36
46 47
9 1
21 15
10 20
11 1
24 1
6 40
1 9
15 41
29 27
47 31
47 21
3 33
3 7
21 47
41 3
27 34
30 47
41 40
25 7
2 44
11 4
23 8
34 27
6 3
45 37
33 37
22 38
47 12
36 35
1 2
25 11
18 49
26 35
33 39
23 16
16 42
9 44
39 24
42 33
23 36
22 10
17 13
35 5
34 7
20 18
15 38
24 26
15 29
20 13
47 48
12 47
33 31
2 30
3 46
38 12

2 1
1 2

44 20
24 2
31 32
30 2
41 12
31 33
36 14
19 40
42 19
29 3
1 33
40 43
35 1
7 27
32 3
21 29
16 14
14 25
39 17
22 27
21 34

1 0

73 119
23 20
67 6
46 69
49 18
42 37
24 63
35 20
71 57
49 54
7 26
64 56
47 65
47 39
30 6
65 43
40 35
6 37
68 57
19 25
51 57
52 45
30 63
4 51
43 58
16 45
47 32
54 56
17 16
21 36
25 51
52 59
14 19
49 38
52 41
13 41
23 57
46 48
12 37
66 45
62 9
44 46
64 34
46 63
32 54
7 38
37 69
3 32
38 21
21 52
28 49
39 5
52 30
14 45
58 14
59 30
11 50
65 44
47 43
44 11
44 52
50 7
2 45
8 3
25 29
33 6
55 29
4 34
21 59
53 22
1 52
5 17
13 45
66 25
48 63
18 58
35 1
68 7
32 43
18 47
31 72
2 49
59 4
73 21
20 46
52 54
28 57
23 64
21 10
17 2
1 55
32 61
35 45
4 1
32 36
45 63
49 63
9 43
56 3
60 25
67 27
73 8
26 45
58 70
33 27
25 53
1 26
51 38
35 7
43 24
60 34
11 56
71 35
50 12
26 65
13 57
35 64
38 46
40 27
49 17

79 64
1 70
7 56
58 49
56 44
45 38
10 30
2 36
69 45
26 30
42 74
42 25
51 63
21 20
5 28
51 1
42 40
38 7
43 46
64 53
10 68
65 53
23 14
23 67
12 18
35 60
59 79
31 40
76 7
72 6
13 37
22 9
20 19
77 56
23 12
34 75
10 60
74 55
77 79
55 22
46 68
45 58
41 1
58 5
56 50
44 45
42 13
25 64
6 70
60 7
77 53
24 12
60 75
49 6
40 49
79 47
43 34
49 77
15 49
26 8
55 11
70 74
66 27
36 2
70 46

16 177
5 11
13 10
13 11
2 1
14 6
11 6
15 7
13 4
14 13
16 2
11 6
13 1
10 3
16 9
6 2
10 6
3 2
12 1
6 4
2 11
14 4
9 3
13 15
3 8
6 2
13 2
6 15
8 10
1 11
5 3
3 10
15 3
12 7
4 14
5 12
6 15
16 8
4 10
12 9
11 12
10 1
13 4
7 2
11 9
5 1
10 8
6 14
2 10
13 12
14 16
15 13
12 5
12 14
13 5
12 8
4 7
15 2
10 6
6 3
8 1
4 14
14 5
15 14
10 9
13 5
8 2
15 3
3 13
7 4
8 7
7 14
3 5
5 2
2 7
15 3
13 3
6 1
6 8
15 4
11 15
15 2
11 16
13 5
15 3
14 15
10 11
7 14
7 2
3 14
5 15
7 3
15 3
16 1
4 10
11 9
11 9
12 15
1 5
14 16
1 3
9 16
5 14
8 10
12 11
16 3
16 11
16 2
8 12
16 12
2 16
1 16
15 1
10 16
6 7
12 11
16 15
1 9
12 1
7 1
11 9
9 2
9 15
2 7
2 4
11 15
11 3
15 14
11 12
1 7
11 12
7 6
11 7
15 10
8 5
12 8
16 5
9 6
13 6
6 14
11 6
3 6
4 11
10 6
12 11
4 8
4 2
16 15
10 4
10 16
1 11
14 15
13 4
7 15
14 11
14 1
1 10
3 16
6 3
10 5
15 10
5 10
13 10
12 4
8 7
12 7
2 4
13 14
16 2
8 12
16 15
3 1
9 12
6 7
16 2
1 7
3 13
2 14

50 127
1 27
37 31
46 20
22 47
35 24
14 46
3 29
5 16
18 43
39 19
24 38
33 13
28 18
48 44
19 26
42 40
6 9
22 32
9 19
17 37
36 37
48 42
37 45
31 23
11 39
2 10
42 20
5 43
28 37
3 40
2 48
45 29
27 10
44 23
27 43
8 6
3 39
42 46
11 26
5 27
48 7
31 32
14 3
31 17
9 14
23 41
11 1
31 11
39 1
32 14
37 1
9 43
15 19
29 22
27 3
46 34
3 22
2 50
6 9
13 3
13 18
35 27
7 34
48 49
49 50
45 27
6 16
19 28
22 20
42 27
35 24
50 5
38 22
19 6
48 35
13 36
49 41
46 30
8 35
28 26
25 1
38 28
49 38
9 32
37 36
38 37
16 25
15 50
47 17
3 46
14 25
47 46
13 14
23 11
14 7
25 29
12 45
11 25
33 47
35 41
34 29
29 44
33 3
21 22
21 8
30 14
24 43
16 4
16 25
6 49
42 26
50 29
19 34
20 36
8 2
48 25
25 28
21 5
44 47
31 41
21 7
47 14
40 48
4 25
45 8
24 42
48 2

46 142
32 25
33 7
38 20
46 26
17 1
19 7
10 32
8 11
4 35
11 29
33 18
4 37
14 2
36 5
28 22
18 27
44 22
22 4
41 19
20 37
19 28
31 27
32 6
37 20
7 11
40 6
4 32
29 27
29 36
5 31
4 12
16 17
13 30
14 2
18 17
40 21
37 18
45 28
28 44
15 28
46 5
10 11
28 36
41 21
37 15
32 37
25 7
14 17
23 6
2 17
33 4
26 3
24 40
13 27
5 46
33 14
19 23
12 4
24 26
17 32
24 8
37 7
43 3
42 41
29 41
33 46
33 4
24 27
7 16
8 43
41 18
20 32
46 22
29 37
35 26
18 20
18 25
28 36
45 15
36 44
9 2
7 9
9 23
41 37
9 43
23 31
8 5
18 5
20 7
16 8
21 35
5 31
16 30
3 4
25 28
21 5
9 1
14 1
25 11
9 10
6 33
45 4
20 41
31 16
28 10
24 17
38 26
14 28
21 6
14 10
2 33
12 10
29 35
46 36
18 33
46 25
40 39
27 4
32 17
44 21
30 10
22 6
17 26
38 12
24 32
46 16
32 6
14 46
19 34
34 10
16 38
27 19
1 46
27 45
8 20
9 28
19 1
6 23
23 27
2 30
11 17
39 38

44 46
27 19
32 28
29 31
7 6
31 13
8 36
3 41
18 14
20 8
44 28
14 6
11 21
36 3
40 5
29 33
24 9
8 2
42 28
4 19
20 31
26 9
16 10
5 40
26 9
24 12
34 8
39 20
1 34
41 5
19 15
1 32
35 43
9 43
38 20
27 16
11 25
23 9
33 31
13 41
17 38
8 22
1 35
34 25
34 10
34 1
24 44

71 12
70 12
2 19
10 30
46 38
43 37
24 14
13 10
51 45
6 50
53 4
26 46
19 29

57 34
22 21
46 18
17 46
16 6
1 35
36 20
27 14
40 26
47 48
48 49
38 18
2 13
20 52
14 16
53 40
47 1
48 13
25 2
41 27
36 6
19 56
18 31
7 20
47 48
11 32
11 51
44 25
5 37
43 40
56 11
11 57
44 11
31 10
52 48

63 183
47 49
63 9
47 9
4 53
10 37
19 52
3 52
21 22
50 40
19 2
8 16
18 29
28 60
1 35
7 59
13 1
26 24
21 18
58 43
29 33
42 43
23 32
6 56
59 60
35 38
4 2
40 19
16 7
55 36
12 7
17 22
21 11
44 20
12 14
56 3
38 33
56 30
24 37
27 44
24 39
26 15
11 38
51 61
44 32
12 8
12 14
48 56
34 16
10 32
14 58
56 36
40 12
34 56
49 7
9 47
22 25
45 13
49 6
49 25
61 28
57 26
52 30
36 23
53 19
61 52
25 55
47 58
16 31
41 56
57 32
36 27
42 32
8 37
35 47
30 19
33 52
3 32
32 16
28 16
25 14
62 23
45 10
22 21
13 49
53 8
53 57
19 50
36 1
5 8
60 63
60 47
24 28
34 1
4 6
36 24
61 36
11 47
1 19
38 18
49 26
59 40
29 23
26 47
53 14
41 35
62 3
40 59
29 58
45 43
8 63
8 23
50 38
18 51
30 56
24 7
46 2
12 2
46 39
16 36
31 43
58 21
15 13
38 18
31 2
28 41
21 11
15 5
41 42
44 4
62 48
27 43
2 5
32 22
24 60
51 60
44 17
23 8
32 30
44 8
42 58
19 40
10 32
37 12
47 56
33 7
37 22
22 1
6 49
46 2
2 31
60 56
37 14
42 54
59 61
43 14
50 46
2 21
49 62
39 22
56 18
60 9
9 12
22 50
24 20
49 15
5 23
25 33
24 39
13 35
33 47
10 34
1 27
15 31
45 55
29 33
47 48
55 58
41 6
13 25
43 20
14 28
52 58
41 39

36 54
26 4
33 13
21 29
31 2
17 32
13 23
27 3
30 22
25 26
22 16
24 16
24 35
6 4
23 32
30 11
35 24
13 25
2 28
21 3
14 34
10 32
27 15
5 30
18 12
30 25
33 30
36 4
17 20
3 25
15 20
2 15
34 22
5 35
8 15
7 33
34 16
29 30
3 29
8 17
33 27
10 7
18 3
8 19
1 32
35 12
17 5
13 26
36 6
25 32
9 34
24 20
26 20
20 4
24 8

72 147
8 49
61 62
27 11
19 18
34 48
29 51
4 25
55 52
41 27
20 32
30 3
68 19
12 29
27 1
35 40
51 47
61 18
53 25
43 35
31 47
62 28
70 62
33 64
55 52
2 40
10 50
5 65
57 31
37 17
27 48
28 47
42 6
46 42
45 27
60 14
13 39
56 24
10 57
9 59
34 11
64 68
6 69
37 30
38 48
11 63
70 37
1 47
34 47
34 54
9 20
30 5
28 67
52 35
54 46
55 44
3 63
19 60
71 50
44 57
51 43
18 46
16 51
62 64
49 66
58 40
23 27
69 12
33 49
19 52
37 34
42 41
39 28
39 47
30 46
50 72
25 72
8 20
68 16
70 29
33 37
38 19
13 31
54 25
71 46
1 57
24 65
43 42
58 8
54 57
16 2
60 63
8 34
57 7
20 29
7 35
27 10
8 38
14 66
51 54
46 65
49 8
21 34
61 56
67 12
60 15
46 60
30 18
69 43
45 19
56 48
39 34
72 65
26 49
30 23
52 10
28 46
72 46
34 72
59 72
51 29
45 61
27 70
52 44
1 31
52 62
67 56
3 4
6 15
25 50
27 64
71 62
11 66
11 54
63 37
1 26
43 47
45 59
7 10
51 47
5 1
34 33
31 11
3 13
35 53
46 6
41 48
45 8

10 75
8 6
2 10
2 8
2 4
7 3
7 8
9 10
5 2
3 1
8 3
10 1
3 10
9 4
10 3
4 7
10 9
4 6
3 10
3 2
4 3
8 4
8 7
9 8
10 9
6 4
9 1
10 4
8 4
2 7
7 3
5 3
2 4
6 4
4 2
7 6
8 9
7 6
9 7
2 1
2 9
7 6
6 5
9 7
10 2
9 6
6 7
1 5
5 10
9 8
3 5
7 8
5 8
3 7
7 8
7 1
8 5
3 10
9 7
3 8
4 9
9 10
1 8
1 9
10 9
10 4
7 4
4 2
4 5
1 2
2 6
8 9
10 3
4 8
2 10
7 4

92 42
2 83
73 56
80 45
38 91
45 9
27 53
4 25
18 83
86 75
12 74
84 71
37 33
53 90
30 19
19 70
66 37
53 28
34 71
63 68
6 67
31 12
11 44
7 27
77 79
36 33
24 29
61 5
15 33
73 89
10 68
29 3
47 92
1 61
12 84
18 10
69 72
21 74
57 5
58 16
27 48
7 26
11 58

11 62
8 1
2 8
7 10
5 3
7 3
4 5
5 7
1 9
2 3
11 4
4 1
2 8
5 4
9 5
1 4
8 6
4 7
7 6
10 5
10 3
1 8
3 7
6 2
10 11
9 3
10 4
2 9
7 6
2 6
8 4
6 8
10 1
3 1
11 8
5 9
2 7
2 3
3 6
9 4
6 4
10 2
10 6
11 4
11 4
4 8
8 2
7 6
2 10
2 6
1 9
2 1
10 4
2 8
5 11
9 3
1 5
5 7
3 1
10 9
8 9
2 11
8 9

60 198
51 11
36 32
7 53
12 43
21 7
3 20
51 58
34 1
29 47
42 49
44 25
2 51
51 33
27 33
59 11
1 25
41 45
11 16
17 33
4 48
49 27
38 56
58 35
55 42
40 23
48 38
8 60
48 53
22 47
25 21
24 5
25 17
49 55
51 28
25 52
47 4
28 59
11 45
18 33
46 10
6 48
42 28
39 56
12 14
26 42
12 33
28 20
13 40
25 13
13 17
5 16
38 33
50 45
59 23
12 57
18 29
15 5
28 11
51 60
16 31
5 56
24 55
6 19
56 31
53 4
42 21
15 27
33 27
60 30
1 37
11 51
53 47
50 52
48 58
11 2
51 59
1 54
9 57
16 44
46 27
21 15
25 19
52 49
41 16
46 48
29 32
16 11
21 44
48 23
56 38
43 1
60 38
44 30
24 56
28 2
12 2
51 19
33 29
49 40
8 37
45 29
36 55
10 31
38 14
2 43
20 31
58 10
12 52
37 21
6 17
35 9
27 26
57 25
47 59
28 48
29 32
7 19
5 40
49 54
54 5
6 19
52 16
1 21
31 1
55 45
30 16
38 42
32 38
17 31
46 52
47 43
10 46
51 7
40 47
54 6
45 20
2 28
1 48
58 20
59 47
7 60
26 27
12 38
30 58
47 5
42 5
20 18
45 58
25 47
8 47
36 22
20 29
52 27
11 29
9 25
18 35
41 39
5 17
52 34
42 44
9 32
2 23
22 53
31 21
1 37
26 12
37 13
13 17
10 57
9 31
8 42
10 7
52 46
55 54
16 25
4 43
55 9
59 21
10 8
7 16
47 18
27 4
54 58
20 53
24 10
43 50
2 41
34 33
58 13
42 15
16 53
48 52
29 53
40 35
55 41
35 49
17 1
49 46

61 24
5 18
56 9
26 17
43 21
30 60
61 32
11 14
44 6
59 49
51 58
15 1
9 26
57 24
33 47
2 12
14 58
57 6
60 39
55 45
1 48
33 14
50 23
23 61
16 28

33 45
14 23
2 29
11 20
10 7
16 12
8 5
3 23
9 23
17 6
14 8
31 18
33 27
12 21
15 22
26 12
23 20
16 13
29 18
22 21
27 23
27 20
9 20
30 14
17 19
20 28
15 8
2 14
6 26
17 8
18 2
4 17
29 5
19 17
13 10
23 31
6 29
1 28
14 11
16 6
9 14
9 15
1 2
32 24
8 19
17 11

17 196
12 17
4 15
10 14
1 6
11 7
2 4
15 12
4 7
11 7
6 17
5 9
8 3
17 5
8 2
10 1
4 2
9 5
12 3
14 11
5 10
13 14
14 9
2 14
7 9
1 7
11 2
8 17
12 13
1 13
11 16
17 5
15 5
2 13
11 13
15 6
6 5
8 7
8 6
6 10
14 6
15 8
9 10
5 12
8 3
14 12
4 9
13 14
3 11
13 1
6 13
9 12
14 17
5 6
12 3
10 13
16 15
12 10
1 16
4 13
2 7
8 1
13 11
11 2
14 17
6 4
9 16
6 5
16 1
17 1
5 13
4 13
6 5
15 16
13 14
9 17
8 12
5 15
12 6
13 4
16 9
17 16
8 10
16 2
7 14
2 14
10 12
5 17
9 4
4 3
2 8
7 14
7 11
11 5
10 13
11 8
6 3
7 17
11 2
13 4
10 4
5 11
8 4
13 4
2 9
17 13
2 5
9 7
17 10
4 10
14 12
14 2
1 17
14 9
4 13
11 13
14 7
6 17
9 13
11 16
16 14
3 10
7 12
7 9
9 4
2 5
11 14
16 6
14 12
5 1
10 11
15 11
8 7
10 13
15 4
16 12
9 6
15 11
4 10
8 7
8 13
16 3
17 13
2 10
17 8
5 8
13 5
13 3
4 1
13 6
12 6
2 7
3 7
7 13
16 11
8 2
17 16
11 6
12 4
12 3
2 15
11 6
7 6
15 14
12 5
11 3
15 10
12 10
14 16
8 4
6 8
12 17
15 4
13 9
7 3
4 6
11 8
16 3
11 10
5 3
6 5
16 5
12 13
10 7
17 6
3 15
2 3
13 10
14 7
16 17
7 9
16 5
9 15
15 12
3 9
13 3
8 16

19 151
14 17
7 18
10 14
16 7
15 10
5 16
1 3
14 4
1 15
11 18
6 5
6 15
14 18
18 14
19 8
14 12
9 5
11 9
5 2
5 8
17 10
2 19
7 1
17 10
8 16
10 15
13 19
13 3
18 12
2 9
10 2
5 13
6 17
13 10
16 19
7 17
13 11
8 1
10 6
2 6
14 3
17 13
16 18
19 12
15 7
9 4
4 17
17 11
14 13
15 4
13 15
18 7
4 12
6 17
6 14
18 17
16 3
11 15
17 18
8 9
15 3
5 11
2 18
5 16
10 18
8 15
2 19
14 5
2 12
5 4
3 19
4 17
17 3
5 9
16 6
9 4
12 13
6 18
7 1
6 13
12 5
19 15
1 16
15 2
4 2
16 13
5 17
13 14
16 19
14 17
11 2
2 14
14 9
12 15
12 4
3 6
16 14
15 18
2 19
15 1
18 3
13 7
17 6
19 10
16 14
13 5
19 7
2 12
2 13
18 12
18 15
11 12
7 5
18 12
5 3
7 9
19 4
15 19
19 5
16 14
7 4
18 4
3 11
8 10
8 6
13 15
19 9
12 1
16 2
10 4
4 9
2 1
15 12
16 13
2 8
15 8
15 17
12 2
14 9
19 8
17 18
15 9
5 19
12 19
16 12
19 3
17 16
4 16
4 13
4 13
8 14

44 6
25 16
14 40
44 10
22 32
2 7
9 41

58 114
50 14
53 34
28 46
52 5
16 36
13 8
5 31
14 3
16 13
54 8
43 40
31 18
26 36
3 34
10 48
35 36
18 8
7 50
38 50
18 27
30 52
17 35
56 3
28 51
13 55
44 42
54 37
27 24
42 35
30 28
44 42
52 2
38 35
16 49
22 29
47 55
15 36
29 48
50 39
57 23
44 4
38 28
3 54
32 46
16 55
31 54
15 7
34 46
34 52
18 38
41 8
5 22
5 31
54 57
21 43
4 43
14 8
27 37
7 34
22 2
58 57
9 57
6 11
10 34
27 34
6 23
44 5
55 15
48 30
45 48
33 2
41 51
9 48
46 51
24 5
36 9
57 18
13 28
56 34
28 50
18 12
41 26
52 21
9 20
8 32
56 43
11 49
58 42
2 51
21 24
7 56
29 10
1 39
35 22
37 38
49 7
9 11
21 27
55 33
44 15
3 51
20 8
3 40
42 56
46 54
34 25
33 19
30 58
34 18
32 5
41 35
37 26
2 7
36 35

31 133
21 10
13 12
28 18
6 25
25 16
31 10
7 8
14 26
8 24
24 2
29 26
21 26
29 8
30 1
1 28
19 6
19 22
15 9
14 30
16 19
13 31
1 27
25 4
13 16
5 21
11 1
26 2
24 22
27 25
5 25
29 15
17 30
30 3
28 12
14 6
14 1
14 8
26 15
30 18
5 2
18 7
7 11
21 10
25 19
18 4
14 8
14 7
1 31
13 24
15 19
12 16
27 19
16 22
1 29
27 7
5 7
11 27
3 20
21 24
1 13
24 16
3 19
24 2
16 17
14 19
10 1
13 31
20 9
23 28
27 4
31 28
15 1
20 3
22 31
5 21
28 26
18 2
1 14
3 9
28 15
20 7
2 23
11 6
16 18
4 27
26 28
16 8
16 30
28 10
2 24
14 9
23 13
30 19
22 28
12 26
1 6
9 26
13 12
23 29
22 18
12 10
18 31
18 10
12 25
29 30
14 31
27 19
19 31
26 4
28 12
4 21
23 12
26 10
27 26
18 11
7 6
1 18
6 31
30 23
23 21
5 13
13 20
10 1
26 22
13 2
17 26
15 19
15 29
30 9
10 13
2 3
25 15
6 15

71 64
11 15
14 59
27 58
71 48
3 48
62 47
19 2
11 69
10 59
25 5
69 17
8 71
4 63
13 30
52 66
8 5
32 9
35 59
66 40
47 60
5 62
14 31
6 61
67 40
42 20
4 55
13 27
22 21
61 4
28 8
32 36
58 37
58 68
6 39
25 20
59 11
30 42
50 20
19 44
5 22
32 13
13 50
48 47
26 48
36 64
21 5
1 50
45 4
5 68
57 49
68 56
66 27
60 47
24 52
58 44
39 21
58 47
39 32
52 38
26 12
65 23
5 7
58 30
65 66

79 161
64 78
13 47
71 35
43 67
2 44
69 73
9 17
72 22
55 54
63 75
48 11
16 66
19 14
38 75
49 6
34 59
78 14
16 76
67 51
7 39
65 27
2 59
7 19
59 33
5 32
16 63
55 72
56 72
47 68
13 69
30 38
78 76
57 51
52 70
74 71
15 38
30 51
24 35
66 15
69 77
38 74
31 44
1 72
35 57
41 18
76 7
73 40
5 30
43 24
29 57
6 50
73 10
79 46
54 36
69 48
33 22
62 8
50 26
13 49
50 45
73 63
76 36
55 72
53 49
35 4
9 63
62 36
64 68
22 32
68 51
45 3
66 43
59 50
35 78
52 42
28 19
59 12
16 56
33 47
17 76
50 61
44 71
64 70
66 79
3 38
73 41
45 28
46 3
5 74
15 26
75 45
70 28
9 23
61 74
14 76
38 64
23 14
40 55
32 19
20 18
33 41
34 58
27 1
46 43
61 6
16 60
24 28
57 24
10 20
6 50
71 14
78 71
12 64
1 38
56 4
15 62
69 19
53 23
6 15
6 76
9 20
68 57
60 16
69 72
36 41
8 37
55 35
77 76
14 40
7 60
21 9
22 48
66 37
76 24
8 75
48 51
53 22
33 46
67 56
18 27
31 28
52 56
77 66
9 10
29 24
4 57
64 25
12 21
36 12
72 73
48 58
42 56
14 64
16 14
52 65
17 6
48 29
2 52
72 50
31 53
15 56

3 7
1 2
2 1
2 3
2 3
2 1
1 3
3 2

22 88
9 17
4 17
13 22
1 15
7 1
1 20
5 2
16 9
12 4
3 2
12 7
21 15
14 15
13 7
4 2
6 17
19 17
12 20
14 15
4 5
11 16
10 19
7 13
7 3
6 10
11 18
15 2
9 16
5 10
12 18
15 16
12 21
1 12
6 1
14 8
21 4
15 12
13 21
10 18
6 21
9 21
20 3
11 3
7 4
3 15
17 15
13 16
9 12
15 3
5 22
16 3
9 21
7 1
17 14
17 2
22 21
21 11
16 3
5 1
12 18
16 11
11 13
12 11
9 3
16 18
22 4
12 5
11 16
4 18
13 19
9 17
21 1
2 4
17 2
21 3
1 4
21 6
13 16
12 8
18 19
5 3
13 18
4 21
9 18
2 19
4 12
8 10
22 8

98 23
50 43
98 25
54 8
20 60
82 46
30 71
69 16
84 49
54 13
86 2
38 85
78 53
18 51
65 71
95 12
4 72
58 81
18 57
63 3
62 9
54 90
83 39
83 8

4 10
2 4
4 1
2 4
2 1
3 4
3 1
1 4
4 2
3 1
1 4

6 11
5 2
1 3
3 4
6 2
2 4
6 3
3 2
5 6
1 4
5 6
1 6

74 31
3 41
70 45
52 71
18 55
7 52
47 27
35 71
17 36
41 42
14 51
51 27
6 22
74 17
38 51
21 2
26 13
4 25
33 29
51 11
64 19
57 22
58 29
60 64
18 35
38 54
26 65
2 31
67 52
54 5
62 2
18 20

35 9
27 1
24 11
2 1
21 19
32 27
34 27
29 4
2 35
22 27
