666
0
1
2
3
4
5
6
7
8
9
10
11
12
13
14
15
16
17
18
19
20
21
22
23
24
25
26
27
28
29
30
31
32
33
34
35
36
37
38
39
40
41
42
43
44
45
46
47
48
49
50
51
52
53
54
55
56
57
58
59
60
61
62
63
64
65
66
67
68
69
70
71
72
73
74
75
76
77
78
79
80
81
82
83
84
85
86
87
88
89
90
91
92
93
94
95
96
97
98
99
100
101
102
103
104
105
106
107
108
109
110
111
112
113
114
115
116
117
118
119
120
121
122
123
124
125
126
127
128
129
130
131
132
133
134
135
136
137
138
139
140
141
142
143
144
145
146
147
148
149
150
151
152
153
154
155
156
157
158
159
160
161
162
163
164
165
166
167
168
169
170
171
172
173
174
175
176
177
178
179
180
181
182
183
184
185
186
187
188
189
190
191
192
193
194
195
196
197
198
199
200
201
202
203
204
205
206
207
208
209
210
211
212
213
214
215
216
217
218
219
220
221
222
223
224
225
226
227
228
229
230
231
232
233
234
235
236
237
238
239
240
241
242
243
244
245
246
247
248
249
250
251
252
253
254
255
256
257
258
259
260
261
262
263
264
265
266
267
268
269
270
271
272
273
274
275
276
277
278
279
280
281
282
283
284
285
286
287
288
289
290
291
292
293
294
295
296
297
298
299
305147478
1073722759
659941372
63060648
50485053
778873849
1017437965
34277555
445988778
858000904
444587625
399161288
718139002
69382257
209796482
886752375
893586370
735312513
222361309
161343202
1060141331
579552266
542011171
228075361
1012324755
650034954
780647459
558993207
610587963
787792830
99081809
225778952
806404822
688404412
606696931
187765377
699812059
1002515240
534498324
252491170
332682295
744753866
577127930
397784347
121423720
897895146
771556759
552600054
648810261
1014651965
489889136
726834459
265795854
864689441
441373727
399888568
1025030227
43614107
761304420
108422767
1036036046
414501556
1068195825
359206208
643630082
632439447
583233180
141789090
805959114
76712890
647468740
904836558
1010020344
403826915
862803710
124967028
900519665
303328905
785545434
822618450
191298088
124686330
286344535
816683478
228639800
267355049
702330232
909017266
479281234
263005369
207204246
344842563
48054304
559242057
438934930
631860577
169150060
594828537
413677683
547385970
639077214
747281144
958479116
509265788
725706635
125225630
1047987524
939748614
999547459
571001453
1016490038
104870595
457784571
625528877
419498479
355728056
641843487
783344654
364881542
803565873
252430710
819870554
615196679
796661031
227527676
972104107
595596083
570166867
609215297
1047251126
361953372
777488683
409449047
391350682
334964526
935482680
773924475
268094404
582925385
516104955
572807283
136156327
305709692
467696412
506465568
263933209
146930509
233106466
1026994220
106432891
1015340876
968122629
868064226
1047538304
519010999
836869656
702811891
993898981
361704794
1001515962
29260714
930159308
890839370
134404644
846699957
859589606
442343882
202211220
69361343
873723998
765075192
349586233
167242893
82737954
303400245
633208701
489334022
106642812
292738374
984526375
1049544728
485182861
803781894
954376850
692184426
69665395
422220093
125510676
125349784
272355113
113480168
827982060
765208473
491746674
481406268
264162244
113330358
276199953
650320448
1042844836
594148149
147819261
207862498
267221540
91266992
193632741
698439185
739379866
882565049
282388310
4934387
414888897
1068214021
356873652
273394773
912881949
309141433
21972451
983798451
840094633
824264036
315163536
769164299
253731688
599524630
24140222
913163292
1037013867
730304910
682070750
99444170
338968498
173049312
93866463
1026101987
583787644
290920134
308613592
787061206
707358033
97475904
898960429
599635682
549623240
634185259
256859287
726470647
683485870
597878859
238347468
173605780
978283197
364428941
103969058
894596990
39916856
671085708
891170449
287387734
467934616
252386773
204644249
613267667
1036393279
16665827
771275649
795898349
727405179
202137633
765269924
498599734
370737884
776846990
548645080
455417924
259808244
241671962
813224081
308401810
1010070720
264866142
594138812
875694896
348127360
649289839
656078428
929181286
596838269
167154080
609314212
49709565
179064093
597701661
897545284
876098173
270457569
29269193
732606715
396527956
176821771
502345720
74284315
308983948
667630441
1011628317
337882374
422971388
696788294
843958528
405172059
226352319
257530214
393980341
786528592
128370386
885496510
541782841
1071062884
496723728
72598527
309769448
18664911
466896424
217421881
260736114
819612044
990689643
392826142
413531996
922543033
44768855
751561466
591955870
10615873
228647643
243292855
436312623
326876071
306061820
94601373
433829874
1000071845
926357414
180099560
35518002
134397069
729227055
387597269
46503526
630222516
906153972
656868234
893044936
412587771
995211588
496667979
197039439
506109763
844649911
24310411
950934233
846910002
693454273
218379593
697005097
383676996