40
23
1 2
2 17
2 10
21 48
16 4
2 2
21 31
21 1
16 1
2 1
21 17
2 3
16 2
16 39
16 38
16 5
16 2
16 10
1 96
2 12
1 3
21 4
2 56
29
26
15 5
5 42
15 1
15 27
7 55
7 14
5 5
15 6
5 1
1 2
1 32
7 1
1 1
5 21
1 1
5 1
1 8
1 5
1 28
15 7
1 20
1 1
15 20
1 39
1 3
15 4
107
15
93 4
13 26
13 11
1 18
1 4
1 2
13 13
93 12
1 13
1 20
1 28
13 2
13 17
13 16
93 69
86
8
2 30
2 27
2 4
2 14
84 101
2 7
84 3
2 22
39
42
3 1
10 3
3 55
3 1
3 1
4 36
3 37
10 10
4 3
2 28
10 25
3 7
2 31
4 15
3 19
3 14
3 48
3 2
4 5
10 3
10 3
3 1
10 1
10 40
1 8
10 6
3 1
3 1
1 6
3 2
3 10
2 1
4 1
3 7
3 1
3 4
10 26
3 1
1 4
1 42
10 3
3 27
27
20
3 13
17 13
1 10
1 10
4 15
1 22
2 14
2 1
1 1
4 3
1 1
3 5
3 10
1 1
17 32
3 24
17 7
2 37
4 34
1 7
48
14
39 1
39 1
39 1
6 27
39 10
3 25
6 1
6 3
39 19
39 1
3 1
3 5
3 2
6 2
17
21
3 36
2 15
3 4
3 13
2 13
3 29
2 6
7 18
3 6
1 54
7 36
3 1
2 11
1 7
1 47
3 5
2 8
3 3
2 1
3 3
3 8
81
13
4 1
1 14
29 2
46 2
29 6
4 16
1 17
29 4
29 2
46 4
29 3
46 11
1 3
85
27
8 44
4 13
48 1
48 8
1 1
6 16
6 9
1 4
1 1
18 19
18 7
1 1
8 2
8 1
1 2
48 45
1 33
8 13
4 1
4 11
18 25
4 35
6 35
1 17
48 6
18 9
1 1
14
6
5 14
9 13
9 1
5 2
9 4
5 2
60
23
4 2
1 1
4 6
1 6
1 9
1 15
9 8
44 4
4 2
1 1
9 24
1 55
44 26
2 9
4 2
44 2
2 78
9 55
44 7
4 3
4 70
44 48
4 2
78
17
64 1
64 5
10 31
64 1
1 1
10 2
3 42
1 20
10 2
1 15
64 35
1 1
10 1
64 1
3 1
10 7
1 6
54
17
3 21
6 51
39 5
6 4
3 32
39 47
3 5
3 1
6 31
6 8
6 2
39 15
39 1
3 6
3 3
6 37
6 3
107
8
63 3
63 4
44 10
63 1
44 11
63 1
44 1
63 13
103
33
16 4
16 52
38 13
7 37
3 5
29 14
2 2
2 1
38 10
38 19
2 2
3 26
2 3
2 3
7 6
38 6
16 1
1 4
2 44
3 1
1 1
7 3
7 47
1 52
3 1
38 9
29 7
29 12
3 24
7 20
2 2
7 1
29 24
26
11
9 5
9 13
17 9
17 2
9 1
9 16
17 7
17 8
9 33
17 44
9 2
93
29
6 41
2 7
3 4
3 3
3 17
2 23
3 8
14 39
2 21
3 3
2 4
2 13
6 1
2 1
3 1
2 43
3 2
14 4
2 3
3 1
14 5
3 9
2 15
64 1
2 1
6 6
64 47
2 1
2 12
87
24
1 5
31 8
1 5
1 2
1 2
3 16
31 2
1 3
3 17
18 16
1 17
31 6
3 15
30 27
1 1
1 2
30 2
30 3
1 27
31 16
18 9
18 5
3 16
18 2
28
19
8 22
4 34
4 1
13 33
1 15
1 1
8 10
1 5
1 5
1 1
1 1
1 14
8 1
13 2
1 1
8 2
1 1
1 29
1 32
97
23
6 22
6 28
21 1
39 3
21 8
1 7
21 8
1 7
21 5
21 1
39 2
1 33
28 21
21 24
28 6
21 3
28 12
39 39
39 5
2 50
1 3
39 1
28 11
103
24
4 40
5 5
27 1
27 6
27 1
62 2
5 11
5 26
62 1
5 3
5 23
5 83
5 41
27 2
4 55
4 1
62 38
4 1
27 63
27 17
62 56
5 2
27 3
27 4
43
19
3 2
11 1
3 13
1 3
3 1
1 1
1 4
11 1
11 11
28 6
3 2
28 4
1 11
28 3
28 1
11 6
28 3
3 1
28 2
89
10
51 1
38 1
38 12
51 1
51 5
51 2
38 9
51 4
38 1
51 10
109
33
1 26
1 4
77 3
77 1
3 2
77 1
1 1
3 12
77 20
27 98
1 1
77 1
77 4
1 1
3 4
27 6
3 1
1 4
1 90
1 55
77 8
77 1
3 32
77 1
1 12
1 2
77 1
1 6
1 6
77 1
3 39
77 62
3 14
14
7
9 1
5 4
9 1
5 6
9 1
9 5
9 2
92
14
1 1
4 3
2 3
2 7
85 6
2 1
4 1
1 10
4 2
4 1
85 1
4 3
4 1
85 4
39
21
12 61
4 15
4 1
21 103
21 1
1 1
4 84
1 21
21 1
21 1
1 48
12 1
1 1
12 27
1 10
4 5
4 1
1 104
1 23
1 4
12 17
65
28
18 2
2 67
2 1
18 20
18 52
2 8
21 67
1 1
1 48
1 35
21 11
4 6
1 8
4 8
1 33
4 1
21 4
4 5
21 5
18 6
4 69
18 8
21 2
18 15
1 53
18 29
2 13
18 46
10
5
9 5
1 1
9 1
1 14
9 9
107
14
83 8
14 2
1 9
1 8
83 1
83 1
14 1
14 6
1 1
14 1
1 10
1 1
1 1
7 10
24
8
8 1
7 18
8 2
7 4
8 20
9 5
9 18
7 1
32
16
8 2
8 47
8 18
5 2
8 6
8 3
19 10
5 35
5 1
19 65
8 2
5 10
19 1
19 3
5 31
8 1
20
12
17 1
17 2
17 4
17 3
3 4
3 12
3 2
17 2
17 4
17 3
3 2
17 1
68
20
6 7
58 12
2 3
2 3
6 2
1 13
1 2
6 6
1 7
1 2
58 3
58 8
6 3
2 4
2 13
1 16
1 5
1 1
6 2
6 3
20
30
1 33
1 81
1 42
1 1
2 78
1 12
1 22
14 9
1 16
1 102
2 1
14 21
14 4
14 11
1 3
14 56
1 7
2 2
1 29
1 27
1 1
14 1
1 30
2 3
2 1
1 9
14 2
1 9
14 2
2 21
19
11
1 9
6 1
12 10
1 17
6 4
1 1
6 32
1 1
1 4
1 5
12 27
75
14
5 2
5 1
5 60
5 2
5 7
5 11
65 81
5 1
5 5
5 4
5 17
5 1
65 15
5 81
23
16
2 3
2 1
7 5
2 3
12 1
12 7
2 2
12 3
2 1
7 5
2 1
2 1
2 1
2 3
2 6
7 1
14
8
1 11
12 20
1 4
1 29
12 10
12 1
1 16
1 2
102
10
21 80
5 7
76 80
21 5
76 1
76 6
76 3
5 13
5 70
21 5
70
18
1 8
1 6
3 12
1 2
1 12
7 10
7 1
56 18
1 1
2 17
1 3
2 1
1 1
3 5
7 7
1 2
3 1
1 1
41
4
41 21
41 3
41 2
41 3
102
20
15 2
29 24
46 6
29 50
12 32
46 9
46 1
29 1
46 3
12 3
29 23
15 3
15 50
15 41
15 2
46 1
46 1
46 35
12 63
46 42
60
22
4 19
33 26
13 1
10 5
4 2
13 2
13 10
10 29
13 14
4 21
13 17
4 4
13 10
10 2
13 1
10 8
33 1
33 3
10 10
10 1
33 25
4 9
59
27
42 15
2 17
4 7
42 10
2 1
9 1
42 2
42 5
42 1
4 8
2 13
2 3
2 24
2 2
4 1
4 18
9 21
42 2
9 2
2 2
9 7
4 3
42 9
2 26
4 1
9 13
4 6
68
11
65 5
3 15
65 1
3 1
65 4
3 14
65 3
3 2
3 5
65 27
3 3
36
34
4 18
1 1
1 9
19 10
4 25
1 7
1 1
19 3
19 59
1 72
1 18
4 8
4 6
19 19
4 33
1 1
1 33
10 4
1 9
1 1
1 86
4 1
1 12
10 2
10 35
19 2
1 7
10 14
10 33
4 2
10 2
10 3
1 21
1 1
58
11
26 13
4 23
26 4
28 1
28 8
4 3
26 4
28 7
26 5
28 1
28 9
52
21
45 3
4 4
4 4
1 3
4 39
2 1
4 7
1 6
45 46
1 98
2 1
1 2
2 8
4 3
45 28
4 34
4 16
2 98
45 32
2 1
4 2
23
15
6 10
16 1
16 3
1 87
16 22
1 15
6 1
16 1
1 1
16 1
6 51
6 26
6 11
16 75
6 4
68
13
63 3
1 1
1 4
1 32
63 82
1 32
63 3
63 3
63 6
4 12
4 62
4 23
1 28
64
12
59 1
59 1
59 2
5 29
5 1
59 8
59 7
5 22
5 1
59 7
59 22
59 5
57
15
2 5
1 2
10 4
44 5
1 4
1 1
10 5
2 13
10 7
10 1
1 2
1 3
10 1
44 13
1 6
30
12
18 23
9 36
3 1
3 3
3 6
3 11
9 1
18 8
18 8
3 5
3 13
9 2
48
4
48 81
48 2
48 1
48 1
30
6
30 10
30 1
30 4
30 21
30 5
30 1
88
26
36 3
31 5
2 1
2 1
9 4
2 10
2 10
8 6
8 3
2 3
2 2
36 3
9 4
36 7
8 10
31 3
2 4
9 12
31 10
31 2
2 1
36 6
2 3
36 1
2 5
8 1
55
22
4 5
13 4
4 6
36 2
13 6
2 1
4 1
2 37
4 18
4 1
13 2
4 10
36 3
4 1
4 4
4 4
36 12
36 33
13 10
2 2
2 10
13 28
76
33
2 50
2 1
2 2
2 1
1 17
2 24
1 1
1 1
2 1
2 24
1 3
68 1
1 8
1 8
1 3
1 39
1 43
68 2
68 70
68 2
2 2
1 13
1 11
1 1
2 4
1 3
68 3
2 47
1 53
1 5
1 30
1 72
1 1
47
27
23 1
1 1
23 36
7 9
3 2
1 4
7 1
1 12
3 2
3 31
23 1
7 26
23 2
2 3
3 1
7 1
1 22
3 4
11 1
2 31
2 5
11 6
1 1
11 8
2 1
7 3
11 25
73
21
9 48
44 1
44 16
44 22
2 1
2 1
12 1
2 18
12 1
12 26
12 16
6 1
6 1
6 47
2 4
2 1
12 5
9 1
2 20
44 10
2 4
83
26
1 34
1 3
3 11
77 1
1 3
77 3
1 42
1 2
1 1
1 18
77 74
77 1
77 1
1 49
1 12
3 80
1 6
1 1
1 39
1 3
77 1
1 9
1 43
1 6
77 10
1 2
77
28
1 3
24 13
24 58
3 1
5 43
42 38
3 1
1 1
1 2
5 26
1 13
1 23
1 1
1 5
24 2
5 5
3 3
42 32
1 23
1 21
42 4
1 4
3 53
1 67
1 57
1 2
24 1
3 16
85
28
5 2
1 35
14 1
57 1
5 3
2 3
14 14
57 3
5 3
5 1
14 24
14 10
1 2
1 1
1 7
1 2
57 1
5 2
6 48
1 1
2 46
57 1
57 43
5 7
5 27
1 1
5 4
6 1
25
33
1 8
8 71
3 1
1 4
1 1
2 45
2 10
1 1
8 1
6 2
2 4
3 41
6 27
6 48
4 1
1 10
1 40
6 1
1 4
4 76
2 17
6 1
1 51
2 3
1 23
3 30
1 7
4 2
3 3
1 2
3 4
8 7
1 7
17
10
6 19
6 1
9 1
2 18
2 4
9 10
9 1
6 2
9 5
9 5
107
10
3 7
104 1
3 16
3 6
3 9
104 1
104 13
104 23
3 1
104 1
39
8
2 22
2 1
6 4
31 7
31 8
31 8
6 4
6 15
87
18
42 1
32 3
42 1
12 1
42 1
42 16
1 1
32 3
1 4
12 13
1 1
42 1
12 2
1 11
1 2
12 4
32 14
1 1
90
17
80 11
1 9
1 12
80 24
1 14
80 13
80 6
1 25
80 3
1 25
9 15
9 68
9 8
1 1
1 5
80 18
80 16
74
25
3 7
41 65
21 18
3 9
5 4
21 12
4 79
4 1
3 46
3 3
21 4
5 2
3 1
4 1
21 14
5 17
5 9
5 51
3 14
21 36
41 5
4 3
5 1
3 4
41 14
37
36
2 1
12 3
2 8
1 2
2 1
13 27
1 2
12 13
12 1
1 2
1 25
12 1
2 1
13 3
6 2
1 1
1 2
1 12
2 2
12 2
2 21
1 5
6 19
13 1
12 1
6 2
13 2
12 3
2 18
2 11
1 14
12 9
1 1
2 1
6 10
2 2
47
12
6 25
6 7
29 5
6 32
12 31
12 4
6 2
12 30
6 1
12 1
12 1
29 62
91
15
88 5
88 37
1 61
88 1
2 63
88 35
1 1
88 1
88 6
88 1
2 3
2 20
1 5
1 3
1 16
107
12
99 17
4 74
2 2
2 82
4 1
2 84
99 65
4 3
4 1
99 2
4 2
4 3
48
19
10 1
10 2
9 3
26 1
3 79
10 40
26 1
26 39
9 1
10 1
9 3
26 1
9 36
10 30
26 33
10 4
9 36
10 1
26 4
64
6
59 59
5 57
5 3
59 3
5 1
5 1
89
15
69 43
69 13
4 1
69 1
16 3
16 4
4 5
16 1
16 58
4 79
16 27
69 33
69 5
4 10
16 2
108
18
56 4
45 6
5 11
45 3
45 1
2 22
2 1
56 25
56 3
2 8
56 1
2 2
5 23
5 1
56 1
2 2
45 25
56 1
91
13
32 4
35 1
24 1
24 27
24 13
32 2
32 3
32 18
32 1
32 14
35 1
35 40
24 1
12
31
5 1
5 22
2 31
4 14
1 11
5 1
4 1
1 5
4 22
2 2
4 27
4 34
5 35
2 2
1 5
1 5
5 28
2 4
2 4
2 28
5 13
4 1
2 33
5 2
5 1
4 4
5 1
1 2
1 35
1 41
4 1
32
47
3 9
3 7
1 2
1 2
1 49
1 19
4 11
1 8
7 42
1 1
4 6
1 2
1 6
4 80
7 1
3 2
1 11
1 8
3 15
1 61
1 30
7 1
6 2
6 10
1 1
5 4
4 1
4 58
3 53
1 2
5 19
5 1
7 11
6 1
1 29
6 9
5 27
7 28
5 35
6 8
7 3
1 2
6 56
4 16
1 10
1 7
1 8
56
23
25 19
25 14
1 1
1 4
2 10
27 3
2 21
25 8
1 12
1 16
1 4
1 8
2 11
1 3
1 1
25 1
27 1
1 7
27 12
1 22
1 4
27 26
1 2
91
12
27 11
11 1
27 4
11 22
53 21
27 2
27 1
53 2
53 8
11 9
27 14
53 1
32
18
27 32
1 4
1 33
1 1
1 1
2 1
27 1
1 9
1 43
1 1
2 20
1 48
1 1
1 2
1 6
27 19
1 7
2 31
97
17
8 7
10 39
4 10
10 22
4 1
10 2
72 2
8 41
3 11
8 29
3 61
72 75
3 1
10 14
3 4
4 3
4 63
68
12
3 3
3 1
3 1
3 12
3 6
44 10
21 41
3 7
44 2
3 7
3 4
44 29
104
28
3 23
61 12
24 50
2 2
61 52
2 10
2 8
2 3
2 1
24 1
12 36
12 25
2 28
3 6
3 5
24 38
3 55
2 6
2 22
61 25
2 24
12 5
2 25
2 17
2 6
2 6
12 23
2 20
59
38
2 49
6 14
39 13
39 55
3 4
3 1
39 6
6 53
2 14
3 1
6 19
1 1
4 96
1 16
2 29
1 1
1 74
4 1
1 91
4 10
6 2
3 1
6 5
6 12
3 72
39 34
2 16
1 1
3 4
6 2
3 19
3 105
3 9
6 1
1 3
1 28
4 1
1 1
71
10
1 2
33 3
2 2
1 3
2 8
1 3
35 10
33 1
33 6
1 2
51
17
4 16
43 58
4 44
4 16
4 1
4 1
4 4
4 2
43 3
4 1
4 7
43 1
4 21
4 8
4 2
43 6
4 13
12
20
1 2
1 17
1 79
7 20
7 12
7 1
7 2
7 58
3 3
1 23
1 1
7 1
1 1
1 29
1 3
1 56
3 2
3 103
1 5
7 14
51
21
2 35
8 3
2 33
2 13
2 3
36 99
2 12
4 2
2 1
8 19
1 8
4 56
4 33
2 2
8 68
1 15
4 8
8 3
1 25
1 51
8 6
43
16
21 32
1 38
21 16
21 5
21 1
1 1
21 3
21 1
21 2
1 32
21 21
21 33
21 13
21 12
21 2
21 1
108
24
64 34
1 10
1 24
26 4
5 2
10 39
2 14
1 8
26 33
2 10
5 45
26 11
64 2
1 3
5 2
1 4
10 1
2 1
10 9
26 1
2 19
64 10
2 5
64 3
103
26
2 1
90 18
90 23
2 73
2 7
90 2
2 3
2 9
7 43
7 3
7 21
2 2
2 5
2 2
2 2
2 25
2 3
90 1
7 11
2 10
90 32
2 3
2 24
2 16
90 2
2 49
11
21
1 52
1 1
3 11
1 1
3 31
2 7
2 18
3 16
2 8
3 1
5 37
5 1
5 1
2 23
2 1
5 19
2 2
5 1
1 1
1 1
1 3
50
18
25 7
21 1
2 2
2 1
2 1
21 3
25 10
2 48
25 30
2 37
21 17
2 14
25 1
25 3
21 30
25 1
21 1
2 1
100
27
4 2
21 10
18 3
4 1
4 1
45 5
10 38
18 5
21 35
18 27
2 2
18 4
45 47
10 1
21 2
4 22
4 4
4 12
2 1
18 23
21 3
2 59
10 14
4 20
10 9
21 12
45 10
