128

4
26.760 2.770 5.950 1.200 0.850
25.010 5.640 6.980 8.420 0.960
7.220 4.420 13.030 2.150 0.700
20.250 9.590 3.560 1.220 0.410

5
36.180 4.930 35.980 8.230 0.330
8.480 6.630 8.680 7.390 0.280
25.270 1.560 28.250 1.810 0.430
19.160 3.080 36.750 1.400 0.170
30.540 5.030 17.110 1.610 0.660

2
7.720 4.030 24.900 3.170 0.840
15.730 0.680 21.730 9.290 0.580

4
34.600 3.250 55.420 8.830 0.070
48.650 9.940 23.060 8.350 0.080
8.260 3.830 29.780 8.440 0.330
41.780 1.380 16.800 5.130 0.170

3
25.660 2.700 15.320 1.760 0.270
30.750 7.830 21.530 6.800 0.190
4.420 0.180 10.010 6.870 0.720

5
43.120 1.240 41.000 8.170 0.530
52.820 6.430 17.010 0.870 0.290
38.020 0.670 53.070 2.220 0.100
8.470 8.170 26.250 2.410 0.490
33.230 5.610 24.450 0.950 0.970

3
20.830 4.300 29.360 3.200 0.790
10.120 2.470 1.450 5.730 0.770
5.370 6.870 17.210 3.540 0.010

3
28.530 1.560 13.730 9.680 0.870
27.030 2.240 17.370 8.210 0.010
4.640 2.720 30.340 5.820 0.970

2
21.140 2.410 13.540 7.550 0.710
7.620 9.580 18.230 6.650 0.880

5
16.260 0.300 10.400 5.900 0.830
31.530 9.010 38.730 5.340 0.510
9.230 5.890 22.990 7.760 0.070
27.240 5.950 17.350 7.340 0.240
3.060 2.120 1.670 2.250 0.430

3
8.110 5.420 32.490 1.560 0.630
28.520 4.840 14.850 7.910 0.760
27.490 0.180 21.610 1.430 0.580

5
17.070 5.680 34.820 5.910 0.230
14.750 6.960 44.770 4.850 0.320
30.240 8.540 6.020 9.690 0.230
36.430 9.140 7.490 9.880 0.660
23.030 9.150 7.480 4.860 0.200

2
12.300 0.640 7.190 7.160 0.590
17.790 1.930 12.500 9.760 0.020

3
9.460 6.630 22.380 3.150 0.410
17.400 9.620 28.660 2.300 0.270
25.870 9.820 9.290 0.930 0.460

3
36.630 6.600 27.170 5.320 0.090
9.540 2.060 1.180 8.110 0.100
14.840 2.550 18.130 7.640 0.340

5
16.270 8.400 51.850 5.720 0.710
21.200 4.020 28.600 5.840 0.030
24.050 7.890 40.890 7.900 0.660
45.260 6.180 34.910 3.980 0.310
7.050 1.110 22.530 3.200 0.360

5
54.140 1.180 60.060 6.230 0.840
23.440 2.490 8.250 4.120 0.260
49.090 0.850 27.670 0.300 0.240
17.430 0.550 37.340 4.940 0.970
45.770 0.080 31.220 4.120 0.220

3
10.920 4.220 12.320 8.940 0.100
16.840 0.450 25.970 7.300 0.620
25.130 4.570 1.200 3.570 0.800

5
57.100 6.500 42.760 7.130 0.870
27.530 9.120 16.380 1.350 0.340
7.330 6.440 15.720 1.800 0.640
51.090 2.730 41.780 9.890 0.730
20.680 6.920 32.260 8.290 0.070

5
53.100 3.920 6.790 4.700 0.040
25.370 4.650 40.310 1.140 0.360
5.140 6.240 62.190 7.400 0.260
35.360 5.660 15.730 4.320 0.070
47.210 4.600 45.650 9.490 0.730

4
52.610 9.480 19.030 5.980 0.790
32.840 4.140 9.480 0.640 0.160
55.720 3.900 46.610 1.560 0.940
28.270 9.560 38.280 5.880 0.530

2
16.580 2.470 8.900 0.260 0.200
25.740 5.020 34.120 8.660 0.840

5
27.630 5.610 39.470 1.740 0.150
36.950 1.820 44.200 8.220 0.080
21.580 8.180 54.350 0.690 0.870
8.730 6.720 7.470 9.240 0.530
54.170 0.070 18.550 4.020 0.001

4
51.970 2.500 3.590 7.500 0.910
44.030 7.840 31.260 5.720 0.520
38.510 9.540 12.980 9.940 0.910
20.050 6.260 28.380 9.180 0.440

2
27.350 7.690 13.050 5.360 0.650
3.200 4.940 20.560 6.700 0.590

5
47.540 8.470 2.250 8.180 0.040
15.970 4.120 6.700 6.820 0.150
25.230 1.240 15.840 8.030 0.510
4.950 0.750 30.390 2.970 0.740
44.540 6.030 36.040 9.190 0.990

1
9.330 9.330 18.140 7.310 0.500

5
25.120 4.060 38.070 2.160 0.090
14.670 6.910 18.300 9.810 0.640
48.060 5.410 33.870 6.150 0.450
9.280 7.520 19.960 5.480 0.760
18.720 4.680 26.930 4.400 0.560

5
5.640 0.640 43.280 0.850 0.510
45.710 1.920 18.280 9.780 0.660
24.380 2.490 52.350 0.830 0.670
15.480 7.000 38.250 5.510 0.070
31.940 9.800 53.950 5.350 0.230

4
46.110 0.320 21.320 6.520 0.470
18.940 2.250 32.070 9.820 0.130
27.590 4.740 6.430 0.650 0.800
41.300 5.260 16.060 6.160 0.390

3
16.540 7.500 15.080 6.330 0.300
5.030 3.170 29.100 9.290 0.800
13.610 3.210 24.750 1.760 0.480

4
15.030 6.890 43.810 7.240 0.630
6.450 9.710 35.300 0.320 0.990
3.410 0.730 40.430 0.180 0.810
28.460 7.430 24.770 2.990 0.610

3
23.740 6.210 16.540 5.880 0.030
8.910 9.610 8.270 3.150 0.230
31.790 0.380 14.860 4.780 0.640

1
2.990 8.540 2.290 4.400 0.110

5
35.050 3.790 34.150 2.770 0.430
6.880 9.610 0.910 3.830 0.810
19.440 2.720 10.260 1.630 0.030
22.420 6.480 19.570 0.170 0.440
26.810 3.390 37.900 9.660 0.870

4
55.060 4.460 29.670 8.800 0.700
58.560 4.070 36.820 6.150 0.510
9.800 0.310 46.160 7.780 0.550
22.530 6.790 16.040 1.480 0.510

1
1.320 2.970 1.140 6.430 0.460

3
35.200 1.380 16.960 2.840 0.020
25.680 8.970 7.100 8.990 0.060
9.420 9.280 17.560 6.770 0.130

2
7.840 9.550 1.770 8.040 0.730
19.340 7.090 12.900 3.880 0.350

3
24.440 2.710 13.450 9.610 0.360
8.150 9.870 5.520 8.890 0.650
17.910 8.460 5.660 8.480 0.430

5
37.460 3.650 33.500 9.650 0.260
36.000 2.300 15.150 5.880 0.870
28.120 6.250 23.760 9.280 0.280
1.780 0.160 47.320 7.740 0.290
10.120 4.980 8.830 8.310 0.070

2
16.260 1.330 25.690 9.260 0.920
16.270 0.960 6.920 1.660 0.980

3
14.130 0.790 8.170 6.370 0.160
13.030 5.420 20.750 1.350 0.470
6.950 5.430 8.910 4.210 0.400

5
19.750 7.970 43.840 3.110 0.550
27.370 6.970 5.020 3.900 0.440
18.140 9.370 20.920 9.320 0.310
17.200 4.710 34.170 8.280 0.530
39.820 4.550 7.370 0.630 0.070

4
43.550 2.530 28.430 8.290 0.660
23.540 9.500 31.950 5.720 0.630
5.760 8.870 20.980 8.560 0.460
41.790 7.110 15.000 0.360 0.510

4
24.130 4.740 6.170 3.590 0.070
29.800 0.800 11.570 5.410 0.260
0.990 0.300 11.290 1.130 0.410
19.510 2.700 26.970 3.210 0.870

2
9.400 4.740 17.490 9.280 0.970
3.580 0.940 6.910 7.430 0.320

1
4.420 9.960 9.850 6.020 0.130

3
23.610 8.430 9.170 5.530 0.570
22.590 0.330 16.360 0.190 0.600
0.280 5.070 22.570 9.470 0.090

2
10.310 9.370 15.150 0.220 0.990
9.950 6.560 0.420 9.110 0.790

4
2.660 9.310 53.990 3.530 0.630
35.320 7.680 26.800 7.420 0.170
17.380 0.650 35.140 4.150 0.130
45.080 3.540 10.240 4.370 0.640

2
7.010 2.370 22.800 6.850 0.560
13.130 4.080 7.120 2.560 0.990

4
5.510 8.730 16.830 3.750 0.640
21.510 8.400 21.230 3.280 0.270
41.450 7.490 37.480 6.430 0.001
30.240 3.380 15.160 3.280 0.080

4
29.530 5.770 25.380 6.840 0.620
37.830 4.500 16.980 4.110 0.780
9.370 6.420 45.070 7.400 0.050
10.350 7.430 40.630 7.350 0.570

2
6.710 1.770 13.760 0.190 0.950
4.160 5.340 4.970 0.750 0.910

5
8.720 8.790 8.310 7.890 0.330
19.990 8.260 19.220 6.860 0.220
35.440 2.170 7.450 8.630 0.930
20.780 1.530 40.730 7.490 0.680
10.220 1.940 30.560 1.880 0.660

4
10.170 4.980 3.590 5.850 0.390
6.070 3.240 17.090 2.710 0.130
7.860 8.930 6.740 4.870 0.590
9.150 0.460 0.880 2.360 0.270

1
6.650 0.140 4.240 8.640 0.130

3
21.740 5.370 30.040 7.630 0.320
11.190 2.130 23.220 3.870 0.450
9.760 1.060 15.050 8.740 0.040

5
9.660 0.290 32.780 6.640 0.710
40.300 3.260 4.620 2.010 0.340
27.310 2.830 49.920 4.140 0.210
55.530 4.670 55.890 8.720 0.470
26.340 6.000 17.470 3.770 0.100

5
10.270 9.620 8.260 9.240 0.670
9.740 5.620 26.130 2.070 0.340
26.920 2.720 33.210 0.260 0.580
28.100 2.210 25.240 6.270 0.870
18.150 2.740 37.110 7.750 0.140

3
36.650 4.170 46.370 5.460 0.620
8.360 3.420 30.870 0.660 0.030
21.320 9.010 15.510 0.000 0.650

3
12.410 5.290 18.980 9.000 0.650
16.390 1.600 7.900 2.240 0.440
19.220 0.930 5.100 6.310 0.940

5
53.360 5.850 27.110 8.780 0.480
45.950 8.810 38.070 4.080 0.480
28.930 4.280 24.150 5.680 0.720
42.160 4.420 27.680 0.130 0.040
9.930 2.250 19.840 0.050 0.970

2
12.970 0.620 8.250 6.980 0.410
0.620 8.440 7.650 2.680 0.110

3
4.880 8.190 16.250 5.290 0.870
22.910 9.650 10.800 1.060 0.920
20.500 0.250 32.440 8.090 0.070

2
8.910 0.140 15.920 7.810 0.450
10.690 5.600 25.760 7.250 0.850

1
3.180 1.560 11.830 7.390 0.840

4
15.880 4.670 18.110 8.810 0.250
36.790 8.040 19.550 8.950 0.580
28.440 2.140 9.790 4.550 0.840
33.740 2.840 10.160 6.730 0.540

4
38.600 0.910 48.340 3.620 0.030
7.640 9.100 35.410 5.950 0.290
33.730 7.140 25.430 4.900 0.870
15.560 9.290 18.000 2.980 0.230

4
9.710 0.370 39.430 9.730 0.180
23.040 1.280 41.300 6.870 0.220
15.360 3.910 27.480 2.820 0.030
23.910 1.050 31.120 1.250 0.900

2
12.570 0.160 20.030 2.290 0.610
7.750 8.700 11.610 1.140 0.001

2
11.940 8.980 12.220 5.760 0.180
9.830 2.890 4.090 2.100 0.730

2
17.210 3.940 7.290 1.940 0.840
3.350 7.620 16.110 7.750 0.970

4
34.050 2.890 24.470 6.150 0.870
41.600 4.000 2.410 4.970 0.820
8.740 9.600 18.880 8.270 0.150
12.380 3.540 33.740 0.220 0.510

5
12.660 2.930 22.100 7.920 0.090
7.970 1.600 21.690 1.920 0.590
21.060 1.110 16.130 5.050 0.860
28.710 1.600 32.130 8.590 0.600
20.040 8.590 36.370 3.280 0.100

2
33.930 6.580 25.980 5.440 0.740
7.820 3.040 17.040 1.150 0.230

2
0.260 9.430 2.400 6.680 0.110
8.580 4.550 15.290 8.790 0.240

5
30.180 2.600 33.620 1.100 0.990
34.100 5.230 41.120 2.930 0.140
5.230 7.470 31.560 5.880 0.820
17.000 0.810 13.580 0.440 0.620
2.080 9.160 22.890 3.590 0.220

5
25.000 3.230 27.000 4.080 0.970
51.060 8.370 9.480 1.560 0.850
19.460 5.590 33.080 5.890 0.810
26.540 9.750 47.850 8.580 0.400
58.950 8.820 37.940 8.560 0.410

3
9.780 0.670 2.540 4.970 0.720
17.610 4.760 7.440 0.940 0.600
12.230 9.840 13.860 6.320 0.350

3
2.130 4.910 26.100 4.320 0.830
11.380 8.440 13.210 8.080 0.990
31.210 0.380 18.270 8.060 0.040

1
7.650 3.300 2.300 9.820 0.420

4
21.010 1.240 12.800 4.560 0.670
6.140 7.290 26.870 3.000 0.750
27.240 5.160 30.990 3.380 0.330
13.300 3.700 15.090 8.740 0.150

4
16.970 4.410 34.280 3.710 0.660
9.090 9.170 44.440 8.270 0.340
25.190 9.980 8.560 1.280 0.610
37.810 5.140 32.380 4.660 0.470

3
15.770 0.640 22.490 1.710 0.270
6.920 8.220 45.470 7.540 0.530
31.490 1.930 40.870 3.210 0.680

2
1.060 9.820 0.070 9.440 0.190
0.270 6.540 7.260 1.810 0.110

5
39.860 8.090 4.710 3.440 0.110
34.410 1.280 14.040 6.640 0.410
21.700 4.920 29.360 6.460 0.850
5.860 7.560 48.440 3.000 0.660
42.750 0.940 9.240 4.150 0.370

3
29.060 6.910 7.460 3.330 0.240
16.210 3.880 5.330 8.440 0.330
20.520 0.520 33.500 7.850 0.430

4
36.170 0.880 6.700 0.640 0.660
29.920 0.550 26.690 3.160 0.540
16.710 7.470 43.830 6.490 0.310
13.680 4.870 15.830 8.460 0.160

5
28.480 8.100 15.220 6.520 0.550
9.830 4.930 58.730 0.600 0.720
19.570 6.090 35.920 1.590 0.730
34.980 3.210 41.790 6.460 0.190
26.110 7.560 51.530 1.850 0.030

5
16.350 7.680 15.320 7.900 0.360
7.740 1.400 38.160 3.990 0.950
31.500 1.430 19.960 7.200 0.930
20.800 5.040 23.220 8.280 0.780
22.550 9.590 33.920 5.870 0.040

4
27.330 5.630 34.920 4.830 0.001
44.010 7.030 8.060 2.340 0.480
21.720 1.980 17.950 3.070 0.410
6.710 7.020 9.430 1.350 0.720

2
7.350 3.570 10.810 3.960 0.260
18.270 2.930 0.740 5.250 0.870

2
23.050 1.370 14.290 9.450 0.530
28.240 3.350 7.240 2.520 0.470

5
50.840 9.270 35.460 0.500 0.230
14.240 6.330 7.400 4.840 0.340
22.880 3.800 7.770 6.210 0.790
45.740 7.510 37.450 9.560 0.840
26.340 3.980 22.380 3.450 0.240

4
44.650 8.000 36.090 8.930 0.140
7.480 4.330 32.330 7.290 0.480
14.950 8.130 17.940 3.510 0.790
14.920 5.640 27.200 6.590 0.630

3
6.710 8.560 13.490 0.760 0.320
15.130 6.980 21.940 7.150 0.340
14.540 5.910 3.570 9.810 0.070

3
12.420 2.010 16.260 6.410 0.830
12.020 9.570 5.290 3.220 0.940
24.790 0.890 16.020 2.210 0.310

2
16.020 5.530 8.530 8.740 0.650
17.410 5.930 13.700 5.470 0.460

3
28.630 6.810 25.520 2.140 0.100
34.300 0.570 9.230 6.560 0.310
17.210 6.420 42.240 1.730 0.360

2
26.570 9.290 16.830 4.730 0.990
33.320 1.120 7.580 6.240 0.740

1
1.910 3.020 10.970 6.940 0.940

3
20.580 4.830 6.730 3.790 0.490
1.570 9.570 10.460 2.590 0.010
28.400 2.380 15.340 0.850 0.520

2
7.090 4.910 10.590 5.110 0.550
12.230 2.160 14.750 3.790 0.120

4
12.540 9.240 19.420 7.600 0.970
9.040 1.760 29.700 2.760 0.001
16.360 9.750 20.690 8.370 0.090
28.560 4.660 34.460 3.480 0.160

5
7.610 3.650 30.680 9.420 0.670
27.630 5.260 13.950 1.190 0.950
7.270 3.430 54.900 0.940 0.320
27.790 3.240 39.320 9.130 0.320
47.350 9.580 23.780 2.990 0.600

1
0.360 9.920 3.620 4.810 0.001

4
24.190 6.540 1.540 8.220 0.360
36.300 2.660 11.700 4.980 0.490
5.550 8.620 21.280 8.080 0.010
21.970 4.510 33.950 1.340 0.890

1
6.150 6.020 14.100 1.970 0.210

5
38.980 2.510 2.660 1.970 0.130
27.650 2.180 46.710 8.870 0.640
11.460 3.390 49.560 8.740 0.590
10.900 4.190 19.990 4.760 0.560
39.540 8.270 30.920 3.010 0.750

4
6.070 8.070 4.190 3.890 0.020
16.570 0.250 23.280 6.280 0.660
31.090 3.650 14.340 5.030 0.250
5.730 1.360 23.330 9.790 0.340

5
15.950 6.840 25.840 6.290 0.840
37.120 6.090 50.990 6.550 0.650
34.570 6.430 34.810 3.720 0.680
6.320 4.040 29.880 5.080 0.470
53.360 3.940 44.040 8.230 0.320

2
27.210 4.640 20.330 2.830 0.950
14.140 6.120 6.440 3.510 0.130

1
8.170 4.230 6.690 3.130 0.530

1
17.760 7.150 9.810 6.550 0.810

1
8.300 9.720 9.390 2.310 0.260

5
10.000 7.910 18.160 6.360 0.160
28.320 6.210 34.310 6.010 0.830
9.560 8.000 29.870 3.060 0.440
0.480 6.660 2.290 2.780 0.750
20.070 3.930 26.640 8.110 0.240

1
6.280 4.730 15.650 0.920 0.480

1
14.330 3.860 7.480 3.210 0.180

2
6.600 0.210 15.650 9.160 0.830
1.050 6.880 13.170 5.460 0.100

2
4.390 4.710 11.450 5.600 0.110
21.310 3.520 3.580 2.460 0.590

5
62.160 0.070 36.280 0.800 0.260
52.110 4.700 29.830 5.660 0.620
16.570 6.820 9.190 0.370 0.740
45.870 6.110 26.070 7.410 0.200
56.470 9.140 70.620 4.800 0.920

4
36.420 5.140 32.510 1.900 0.640
13.500 3.370 47.580 7.560 0.260
41.260 0.190 24.560 1.460 0.530
4.770 9.820 15.430 8.870 0.730

1
9.670 4.790 7.190 4.740 0.970

3
4.910 0.200 14.380 2.750 0.670
2.690 7.090 22.360 3.830 0.460
21.710 7.280 16.910 5.290 0.990

5
23.330 6.860 32.770 7.170 0.180
4.790 5.840 10.090 0.890 0.450
4.170 3.830 16.480 7.980 0.280
5.210 0.600 13.200 8.780 0.580
31.180 1.020 34.250 2.930 0.270

1
6.040 7.010 13.860 9.410 0.410
